public/data/weather/current/current-wind-surface-level-gfs-1.0.json
{"header": { "discipline":0, "disciplineName":"Meteorological products", "gribEdition":2, "gribLength":74295, "center":7, "centerName":"US National Weather Service - NCEP(WMC)", "subcenter":0, "refTime":"2018-10-21T06:00:00.000Z", "significanceOfRT":1, "significanceOfRTName":"Start of forecast", "productStatus":0, "productStatusName":"Operational products", "productType":1, "productTypeName":"Forecast products", "productDefinitionTemplate":0, "productDefinitionTemplateName":"Analysis/forecast at horizontal level/layer at a point in time", "parameterCategory":2, "parameterCategoryName":"Momentum", "parameterNumber":2, "parameterNumberName":"U-component_of_wind", "parameterUnit":"m.s-1", "genProcessType":2, "genProcessTypeName":"Forecast", "forecastTime":0, "surface1Type":103, "surface1TypeName":"Specified height level above ground", "surface1Value":10.0, "surface2Type":255, "surface2TypeName":"Missing", "surface2Value":0.0, "gridDefinitionTemplate":0, "gridDefinitionTemplateName":"Latitude_Longitude", "numberPoints":65160, "shape":6, "shapeName":"Earth spherical with radius of 6,371,229.0 m", "gridUnits":"degrees", "resolution":48, "winds":"true", "scanMode":0, "nx":360, "ny":181, "basicAngle":0, "lo1":0.0, "la1":90.0, "lo2":359.0, "la2":-90.0, "dx":1.0, "dy":1.0 }, "data":
[rows 125 to 149 of 181, columns 0 to 56 of 360]
-3.1114576,-3.8214576,-5.4214573,-5.8414574,-5.6314573,-6.6314573,-8.341457,-9.601458,-9.381457,-9.771458,-10.9714575,-12.151458,-12.911457,-13.241458,-13.751457,-14.231458,-14.921457,-16.671457,-18.941458,-18.321457,-15.9714575,-14.361458,-12.851458,-11.451458,-10.161457,-8.831457,-7.1814575,-5.6214576,-4.3714576,-3.7414575,-3.2814574,-2.8414576,-2.5814576,-1.0914575,-0.27145752,-0.73145753,-0.84145755,1.4985424,3.8785424,5.0785427,7.5385423,8.998543,9.858542,10.918543,11.328543,10.768542,10.638542,10.5285425,9.978542,10.058542,10.038543,10.238543,9.838543,9.3185425,8.158543,2.9085424,-0.65145755
-2.2914574,-2.5914576,-3.7314575,-4.7814574,-4.5914574,-4.5414577,-6.5114574,-8.081457,-7.3414574,-8.401458,-10.111458,-10.981458,-11.711457,-12.201458,-12.7214575,-13.451458,-14.241458,-15.011457,-15.391458,-14.731458,-13.561458,-12.341457,-11.511457,-10.441458,-9.171457,-7.8614573,-6.7414575,-5.3714576,-4.2514577,-4.2114577,-3.7114575,-3.6414576,-2.8514576,-1.7614576,-0.48145753,-1.2414575,-0.46145752,2.0385425,3.1485424,4.4385424,3.5985425,1.4485425,6.7785425,12.968542,13.328543,12.978542,12.7785425,12.398542,11.988543,10.998543,10.478542,10.498543,9.448543,8.518542,6.4685426,0.44854248,-1.6314576
-2.0414574,-1.7314575,-2.2314575,-3.2714574,-4.0614576,-3.7714574,-4.1214576,-5.4314575,-4.8414574,-6.8314576,-8.231458,-9.161457,-9.851458,-10.031458,-10.481458,-11.641458,-12.4314575,-12.841457,-12.6814575,-12.171457,-11.211457,-10.441458,-9.691458,-8.801457,-7.9114575,-7.0514574,-6.1614575,-5.1814575,-3.9014575,-4.0714574,-3.4914575,-3.3914576,-3.1114576,-2.0814576,-0.5714575,-1.2114575,-0.6114575,1.6885425,2.1485424,2.4685426,-0.8614575,-1.3314575,-0.9414575,-4.1614575,0.07854248,9.458543,13.968542,13.248543,12.138542,11.158543,10.088543,9.998543,8.758542,7.2285423,3.9985425,-2.3114576,-2.0014575
-1.4814575,-0.7714575,-1.2314575,-2.2914574,-3.8414576,-3.8814576,-3.6714575,-3.8214576,-3.6414576,-4.1414576,-6.0014577,-7.2214575,-6.8714576,-6.5414577,-8.9314575,-10.211457,-10.571458,-10.781458,-10.651458,-9.821458,-9.091457,-8.441458,-7.7314577,-7.3514576,-6.7314577,-5.9514575,-5.0914574,-4.2514577,-3.2914574,-3.0214574,-2.8314576,-2.9214575,-2.6714575,-1.7514576,-0.19145752,-1.1514575,-0.65145755,0.9985425,1.0785425,1.3985425,-2.3914576,-2.5114574,-2.3314576,-3.2514575,-4.6914577,1.0085425,-0.30145752,9.218542,8.858542,8.948543,9.0285425,8.848542,7.2185426,4.4585423,-1.2114575,-4.0614576,-2.0914576
-0.8914575,-0.5514575,-0.37145752,-1.3714576,-2.5914576,-3.1914575,-3.2614574,-3.5314574,-3.7014575,-3.8014574,-4.2814574,-5.0114574,-5.2414575,-6.6414576,-8.1814575,-8.441458,-8.701458,-8.9314575,-8.651458,-7.5714574,-6.8114576,-6.3814573,-5.8914576,-5.3014574,-4.8114576,-4.2614574,-3.9014575,-3.2714574,-2.3614576,-2.1614575,-1.6114575,-1.7014575,-1.6614575,-0.9214575,-0.6914575,-0.8714575,-0.8114575,0.6085425,0.6285425,-0.2514575,-1.9314575,-3.4614575,-3.1714575,-3.7414575,-5.0214577,-5.2614574,-9.731458,-8.481458,3.2585425,3.9185424,4.9185424,5.0785427,3.5985425,-4.4414577,-5.1814575,-2.7814574,-0.8314575
0.4285425,0.2785425,0.07854248,-0.3814575,-1.5114576,-1.7714576,-2.1414576,-2.2614574,-2.5014575,-3.0214574,-3.6114576,-3.5614576,-4.2114577,-5.8614573,-6.3314576,-6.2914577,-6.2314577,-6.0314574,-5.2414575,-4.6514573,-4.2214575,-3.8714576,-3.7114575,-3.1314576,-2.7514575,-2.4914575,-2.1414576,-1.6114575,-1.0214576,-0.6214575,-0.4714575,-0.36145753,-0.40145752,-0.06145752,-0.48145753,-0.79145753,-0.6414575,0.38854247,-0.26145753,-0.7614575,-2.0814576,-3.7514575,-3.5314574,-4.8114576,-5.8514576,-7.8614573,-8.081457,-8.101458,-10.481458,-13.341457,-10.461457,-9.451458,-9.7214575,-8.241458,-3.9414575,-0.7414575,0.14854248
1.3685424,1.1685425,0.9785425,0.7285425,0.51854247,-0.18145752,-0.5814575,-1.0014576,-1.2514576,-1.4714575,-2.0014575,-1.7214575,-2.1014576,-2.6414576,-2.7714574,-2.7214575,-2.3014574,-2.0414574,-1.7014575,-1.6914575,-0.9414575,-0.6114575,-0.6214575,0.05854248,0.4985425,0.31854248,0.6185425,0.8285425,1.1485425,1.4085425,0.9185425,1.2785425,0.64854246,1.1485425,0.5785425,-0.22145753,-0.5514575,0.17854248,-0.18145752,-0.97145754,-1.5414575,-2.9814575,-4.3614573,-5.1714573,-5.7814574,-6.8014574,-6.5014577,-7.5414577,-8.441458,-8.611458,-9.9314575,-10.141458,-8.281458,-5.4714575,-2.2314575,-0.7514575,-1.7414575
2.4585426,2.2785425,1.9685425,2.0085425,1.9085425,1.7085425,1.3985425,1.0485425,0.76854247,0.41854247,0.01854248,0.3685425,1.0985425,0.7985425,0.8885425,1.0185425,0.2785425,0.4685425,1.9685425,2.4785426,2.6085424,3.0885425,3.4585426,3.9685426,4.0585423,3.8685424,3.7885425,3.8185425,3.7585425,3.3685424,2.6585424,2.5785425,2.2885425,2.4585426,1.7585425,0.70854247,0.38854247,0.008542481,-0.30145752,-0.5514575,-0.8614575,-1.8714576,-3.8114576,-5.4114575,-5.5014577,-4.9414577,-4.9714575,-5.7014575,-6.5314574,-6.6514573,-5.9714575,-5.4414577,-4.4914575,-4.0914574,-4.4314575,-4.2614574,-2.1414576
3.7085426,3.5585425,3.3785424,3.4185424,3.5785425,3.6485424,3.5185425,3.3785424,3.0285425,2.8685424,3.0485425,2.6685424,2.6085424,2.9785426,3.1985426,2.2085426,2.2885425,3.9885426,3.1885424,3.1485424,2.9685426,4.6685424,5.5285425,5.9585423,6.3485427,6.3385425,6.1485424,6.0385423,5.7785425,5.6485424,4.8585424,4.4985423,3.7385426,3.9585426,3.6885424,2.4985425,1.7885425,1.0185425,0.26854247,-0.2514575,-0.6714575,-1.1214576,-1.9714575,-3.8414576,-4.7214575,-4.2514577,-4.2214575,-4.3814573,-5.2314577,-5.3014574,-4.2614574,-2.3314576,-0.8614575,0.37854248,0.6685425,1.0585425,1.9685425
4.7185426,4.8085423,4.8385425,4.7385426,4.6285424,4.7585425,4.8085423,4.9185424,4.8185425,4.5885425,5.0185423,4.8685427,4.6785426,4.9785423,4.1885424,3.5685425,3.6685424,4.6985426,5.2285423,5.0185423,5.0685425,5.5985427,6.8085423,7.3385425,7.6285424,7.7585425,7.8485427,7.7285423,7.2585425,6.4485426,6.4685426,6.5185423,6.2885423,6.3285427,5.6385427,4.6885424,4.0585423,2.5285425,1.7685425,1.1585425,0.03854248,-0.73145753,-1.2314575,-1.5814575,-3.2214575,-3.7014575,-3.7314575,-4.2614574,-3.6714575,-4.0814576,-3.7414575,-2.6614575,-0.53145754,0.4985425,1.6285424,2.1385424,3.0285425
5.2385426,5.0685425,5.3185425,5.4785423,5.6185427,5.7585425,5.4985423,5.4785423,5.8885427,6.3585424,6.6385427,6.5085425,6.2585425,7.0085425,6.9885426,7.3985424,6.6785426,5.6185427,5.2185426,5.0085425,6.3185425,7.9585423,9.658543,9.498543,8.678542,7.3385425,8.258542,8.738543,9.358542,8.888542,9.408543,8.868543,8.388542,8.378543,7.9385424,7.1685424,6.4485426,5.1285424,3.8385425,2.8285425,1.3985425,0.41854247,-0.54145753,-1.0314575,-1.1914575,-2.4214575,-2.3514576,-3.2314575,-3.4014575,-2.8714576,-2.8214576,-2.7314575,-1.7714576,-0.7614575,-0.42145753,0.26854247,-0.43145752
6.1985426,5.2185426,5.2585425,5.8385425,6.5285425,6.6785426,6.3985424,6.7885423,7.5885425,8.418543,8.708543,8.5285425,7.9785423,7.9885426,7.7585425,7.1185427,6.8585424,7.2585425,8.458543,8.0285425,7.0985427,7.7985425,9.998543,10.2785425,7.9785423,7.6985426,9.288543,9.598542,9.8185425,9.898542,9.488543,9.458543,9.298542,9.288543,9.268542,9.418543,8.378543,7.4785423,5.7885423,4.6985426,3.5185425,1.6585425,0.8785425,0.008542481,-0.5514575,-0.6814575,-0.8714575,-1.6814575,-2.4414575,-2.8814576,-3.4314575,-3.9714575,-3.9914575,-3.8314576,-3.2414575,-3.4514575,-4.6914577
7.0285425,7.6885424,7.4085426,6.6285424,7.0085425,7.1485424,7.2385426,8.178542,8.888542,9.458543,9.768542,9.938542,10.038543,10.038543,10.0685425,10.018542,9.588543,9.518542,9.498543,9.158543,9.228542,9.358542,9.328543,10.488543,10.148542,10.168543,11.548542,11.2785425,10.808542,11.258542,10.848542,10.248543,10.228542,10.438542,11.088543,10.598542,9.478542,8.338543,8.128543,6.8585424,5.8585424,4.2285423,2.8785424,1.8985425,0.83854246,0.38854247,-0.08145752,-0.37145752,-0.7714575,-1.7514576,-3.3914576,-3.9414575,-4.5114574,-5.3214574,-4.6214576,-5.6614575,-5.0614576
-6.9014573,-2.9014575,4.2985425,7.8085423,8.408543,8.388542,8.408543,9.058542,9.598542,10.358542,11.338543,11.458543,11.438542,11.718542,11.678542,11.548542,11.198543,11.258542,11.578543,11.668543,11.448543,10.878543,10.888542,11.448543,11.5685425,11.548542,11.738543,10.658543,10.488543,12.078543,12.5685425,11.328543,10.928542,10.948543,10.968542,11.008542,9.348542,10.048542,9.0685425,7.9185424,7.6385427,7.2085423,5.5785427,4.0985427,2.9085424,1.8485425,1.0085425,0.23854248,0.17854248,0.09854248,-0.9414575,-2.7114575,-3.8114576,-3.8114576,-3.1214576,-3.1914575,-3.0614576
-2.4314575,-1.9714575,-2.4714575,-4.8314576,-2.2614574,4.6685424,8.198543,9.038543,9.598542,10.738543,11.758542,11.748543,11.738543,12.058542,12.268542,12.388542,12.538543,12.668543,12.388542,11.858542,11.678542,12.0685425,12.148542,11.7785425,11.508542,11.328543,11.158543,11.468542,12.378543,13.788543,13.938542,12.928542,12.878543,12.508542,11.5685425,11.118543,11.108542,11.428542,10.868543,10.258542,9.288543,8.768542,7.9785423,6.8285427,5.5685425,4.1385427,2.9485426,1.8585424,1.0785425,0.95854247,1.0985425,0.34854248,-0.90145755,-1.8914576,-1.9614575,-1.4614575,-0.8814575
0.9285425,1.1085424,1.5885425,1.6785425,1.7185425,1.3185425,-0.34145752,-1.3714576,1.3885425,6.2985425,9.948543,10.968542,10.968542,11.248543,11.718542,12.348542,12.8185425,12.888542,12.438542,11.7785425,11.838543,12.178542,10.868543,11.148542,11.598542,11.848542,12.478542,14.0285425,15.048542,14.918543,14.588543,14.228542,14.138542,14.118543,13.348542,12.768542,12.578543,12.5285425,12.678542,11.718542,10.848542,9.098542,8.888542,7.8985424,7.9885426,6.7085423,5.6885424,4.3385425,3.1285424,2.4385424,1.9085425,2.3285425,2.7085426,2.2185426,1.4385425,0.5785425,0.2785425
4.0085425,4.1385427,4.2385426,4.0385423,4.1985426,4.5285425,4.3385425,4.2285423,4.5685425,4.5385423,3.7585425,3.0585425,3.4085424,5.1885424,7.4685426,9.588543,10.538543,10.638542,10.688542,10.618543,10.808542,11.228542,11.698543,12.008542,12.238543,12.628543,13.328543,14.238543,14.488543,14.878543,14.878543,14.748543,14.558542,14.598542,14.658543,14.208543,13.878543,13.7785425,13.228542,12.808542,11.838543,11.268542,10.688542,10.128543,9.458543,8.418543,7.7985425,6.9385424,5.7985425,4.6985426,3.9085424,3.7085426,3.2885425,4.0385423,4.6185427,4.2585425,3.4785426
5.9485426,6.1685424,6.2785425,6.1185427,6.1085424,6.0885425,6.1085424,6.2985425,6.5285425,6.7885423,6.9085426,6.8385425,6.6985426,6.5185423,6.1885424,5.6885424,5.3985424,5.8585424,7.0085425,8.078543,8.868543,9.5685425,10.098542,10.578543,11.228542,11.878543,12.468542,12.848542,13.598542,14.268542,14.688542,14.8185425,14.898542,14.358542,14.038543,14.228542,14.808542,14.468542,14.168543,14.078543,13.5685425,12.878543,12.108542,11.3185425,10.238543,9.658543,8.408543,8.148542,7.6285424,6.9285426,6.1585426,5.4685426,4.5285425,4.3185425,4.7085423,5.4685426,5.7185426
7.9685426,7.8985424,7.6685424,7.7185426,7.9685426,8.508542,8.978542,8.808542,8.488543,8.218542,8.0685425,8.0685425,8.128543,7.9585423,8.248543,8.398542,8.368543,8.358542,8.258542,8.308542,8.498543,8.788543,9.328543,9.958543,10.408543,11.108542,11.7785425,12.118543,13.0285425,13.658543,14.108542,14.418543,14.508542,14.518542,14.108542,14.118543,14.178542,14.518542,14.668543,14.808542,14.828543,14.358542,13.7785425,12.418543,11.108542,9.908543,8.758542,8.3185425,8.218542,7.6585426,7.2985425,6.7785425,6.3785424,5.7185426,4.7585425,5.2985425,6.2785425
10.5285425,10.198543,10.158543,10.388542,10.5285425,10.418543,10.078543,10.198543,10.488543,10.188542,9.628543,9.108542,7.7785425,7.5285425,7.4485426,7.5985427,7.8685427,9.448543,10.088543,10.428542,10.738543,11.018542,11.3185425,11.738543,12.288543,12.798542,13.288543,13.958543,14.438542,14.718542,14.848542,15.198543,15.438542,15.588543,15.628543,15.5685425,15.418543,15.3185425,15.248543,15.238543,15.3185425,14.928542,14.338543,13.008542,11.418543,9.868543,8.938542,8.148542,7.3685427,7.6685424,7.8185425,7.5685425,7.3085423,7.1885424,6.8285427,6.4885426,6.8885427
12.638542,12.0285425,12.358542,12.148542,10.058542,10.358542,11.058542,10.858542,10.188542,9.948543,9.588543,9.228542,8.8185425,8.588543,8.578543,8.668543,9.058542,9.148542,9.428542,10.018542,10.578543,11.348542,11.798542,12.498543,13.828543,14.668543,15.368543,15.718542,15.878543,15.908543,15.908543,16.088543,16.168543,16.168543,16.198542,16.308542,16.168543,15.868543,15.618543,15.128543,14.868543,14.808542,14.128543,12.928542,11.538543,10.128543,9.038543,8.238543,8.018542,8.348542,8.508542,8.368543,8.298542,8.398542,8.268542,8.348542,8.498543
8.438542,9.468542,10.208543,10.8185425,10.208543,9.708543,9.378543,9.398542,9.998543,10.358542,10.058542,9.828543,9.728542,9.628543,9.908543,10.328543,10.3185425,10.178542,10.398542,10.828543,11.378543,11.828543,12.128543,12.408543,12.838543,13.658543,15.268542,16.208542,16.758543,16.918543,17.098543,17.278542,17.178543,16.978542,16.678543,16.278542,15.908543,15.478542,15.138542,14.738543,14.158543,13.908543,13.358542,12.358542,10.518542,9.388542,9.0285425,8.478542,8.538543,8.908543,9.268542,9.208543,9.448543,9.488543,9.368543,9.458543,9.438542
8.038543,5.7285423,5.4185424,6.1985426,7.6285424,8.788543,9.048542,9.888542,10.258542,10.228542,10.808542,11.108542,10.968542,10.868543,10.898542,10.998543,11.118543,11.038543,11.558542,11.648542,12.0685425,12.758542,13.218542,13.338543,13.578543,14.208543,14.8185425,16.388542,16.978542,17.268543,17.608543,17.828543,17.918543,17.638542,17.168543,16.708542,16.158543,15.508542,14.708543,14.148542,13.468542,12.888542,12.228542,10.908543,8.978542,7.9385424,7.8885427,7.8285427,8.118543,8.878543,9.418543,9.638542,9.808542,9.828543,9.868543,9.678542,9.548542
8.398542,5.8885427,5.7385426,7.0985427,7.9085426,8.828543,9.288543,9.048542,9.038543,9.098542,9.458543,9.658543,9.508542,9.658543,10.168543,10.828543,11.548542,12.368543,13.048542,13.848542,14.238543,14.138542,14.948543,14.648542,14.808542,14.828543,15.118543,15.498543,15.288543,15.408543,15.658543,15.748543,16.048542,15.888542,15.258542,14.708543,14.898542,14.928542,14.178542,13.398542,12.198543,10.648542,9.448543,8.7785425,6.7685423,5.9085426,5.6085424,5.9485426,6.8385425,7.7185426,9.098542,8.5285425,8.988543,8.258542,7.5285425,7.3885427,7.3485427
6.8585424,6.8285427,7.5185423,8.358542,9.128543,9.398542,9.728542,9.828543,9.988543,9.808542,10.0685425,10.148542,10.418543,10.678542,11.038543,11.268542,11.798542,12.218542,12.7785425,13.358542,13.968542,14.768542,15.408543,15.808542,15.468542,15.328543,15.098542,14.958543,14.758542,14.558542,14.308542,14.038543,13.638542,13.5285425,13.208543,13.118543,12.618543,12.048542,11.458543,10.978542,10.548542,8.8185425,7.1085424,5.0785427,4.0385423,3.7485425,3.6485424,4.2985425,5.3285427,6.2085423,6.5685425,6.6385427,6.7685423,6.9685426,7.1185427,7.2185426,7.3085423
