public/data/weather/current/current-temp-surface-Level-gfs-1.0.json
{"header": {"discipline":0,"disciplineName":"Meteorological products","gribEdition":2,"gribLength":61787,"center":7,"centerName":"US National Weather Service - NCEP(WMC)","subcenter":0,"refTime":"2014-11-30T06:00:00.000Z","significanceOfRT":1,"significanceOfRTName":"Start of forecast","productStatus":0,"productStatusName":"Operational products","productType":1,"productTypeName":"Forecast products","productDefinitionTemplate":0,"productDefinitionTemplateName":"Analysis/forecast at horizontal level/layer at a point in time","parameterCategory":0,"parameterCategoryName":"Temperature","parameterNumber":0,"parameterNumberName":"Temperature","parameterUnit":"K","genProcessType":2,"genProcessTypeName":"Forecast","forecastTime":6,"surface1Type":103,"surface1TypeName":"Specified height level above ground","surface1Value":2,"surface2Type":255,"surface2TypeName":"Missing","surface2Value":0,"gridDefinitionTemplate":0,"gridDefinitionTemplateName":"Latitude_Longitude","numberPoints":65160,"shape":6,"shapeName":"Earth spherical with radius of 6,371,229.0 m","gridUnits":"degrees","resolution":48,"winds":"true","scanMode":0,"nx":360,"ny":181,"basicAngle":0,"subDivisions":0,"lo1":0,"la1":90,"lo2":359,"la2":-90,"dx":1,"dy":1}, "data":
[rows 128 to 159 of 181, columns 72 to 143 of 360]
288.9,288.78,288.67,288.36,287.71,287.25,287.13,287.23,287.02,287.02,286.56,286.09,285.77,285.31,284.7,284.52,284.95,285.31,285.44,285.17,284.87,284.69,284.53,284.48,284.49,284.4,284.39,284.37,284.38,284.51,284.69,284.84,284.9,284.9,284.82,284.79,284.86,285.16,285.97,287.17,287.75,287.95,287.94,288.08,288.23,288.12,288.07,288.08,287.85,287.74,287.52,287.48,287.56,287.67,287.72,287.63,287.73,287.77,287.7,287.63,287.64,287.71,287.89,288.09,288.42,288.76,289.06,289.38,289.57,289.33,288.16,291.31
288.2,287.99,287.51,286.96,286.71,286.62,286.63,286.14,285.79,285.86,285.8,285.45,285.07,284.65,284.44,284.65,284.96,285.09,285.06,285.04,284.87,284.61,284.33,284.23,284.13,283.98,283.98,283.93,283.91,283.96,283.96,284,284.07,284.18,284.19,284.06,284.05,284.22,284.43,285.38,286.78,287.07,287.16,287.16,287.24,287.28,287.23,287.19,287.1,286.95,286.8,286.66,286.68,286.95,287,286.92,286.98,287.07,287.08,287.1,287.07,287.13,287.29,287.44,287.74,288.24,288.72,289.09,289.41,289.65,290.81,290.2
287.51,286.97,286.57,286.36,286.2,286.13,285.65,285.04,284.86,284.96,285.06,284.93,284.71,284.54,284.52,284.58,284.55,284.51,284.53,284.51,284.37,284.07,283.88,283.93,283.94,283.89,283.77,283.71,283.67,283.61,283.56,283.43,283.39,283.4,283.52,283.53,283.44,283.53,283.76,283.75,284.94,286.36,286.31,286.39,286.48,286.52,286.51,286.43,286.35,286.18,286.11,285.87,285.97,286.46,286.44,286.28,286.3,286.38,286.44,286.44,286.45,286.5,286.6,286.86,287.55,287.92,288.3,288.98,289.36,289.36,289.05,289.23
286.62,286.36,286.24,286.06,285.77,285.31,284.75,284.5,284.42,284.28,284.27,284.35,284.41,284.44,284.41,284.21,284.05,284.02,283.98,283.87,283.75,283.67,283.62,283.56,283.56,283.53,283.48,283.51,283.48,283.38,283.37,283.17,282.96,282.9,282.93,282.95,282.95,282.98,283.09,283.34,282.96,284.14,285.71,285.9,285.86,285.96,285.97,285.91,285.83,285.62,285.49,285.21,285.3,285.86,286.02,285.87,285.82,285.88,285.97,286.04,285.9,285.85,285.97,286.33,286.77,287.27,287.59,287.81,288.18,288.53,288.72,288.9
285.95,285.88,285.74,285.48,285.05,284.48,284.03,283.86,283.84,283.82,283.91,283.99,284.05,284.06,283.97,283.79,283.66,283.59,283.46,283.32,283.28,283.19,283.09,283.01,282.96,282.98,283.03,283.1,283.16,283.17,283.1,283.02,282.8,282.67,282.54,282.53,282.52,282.55,282.54,282.66,282.97,282.57,283.19,284.32,284.94,285.3,285.44,285.37,285.3,285.1,284.95,284.71,284.86,285.31,285.51,285.57,285.54,285.56,285.6,285.66,285.53,285.42,285.44,285.76,286.14,286.37,286.55,286.79,287.07,287.43,287.81,288.21
285.2,285.17,285.02,284.73,284.31,283.82,283.38,283.06,282.96,283.05,283.25,283.39,283.46,283.49,283.47,283.41,283.33,283.18,283.04,282.9,282.77,282.58,282.38,282.26,282.21,282.27,282.35,282.44,282.52,282.68,282.73,282.42,282.52,282.42,282.17,282.16,282.14,282.09,282.09,282.14,282.29,282.57,282.66,283.29,283.61,283.78,284.5,284.93,284.82,284.66,284.56,284.4,284.46,284.85,285.03,285.13,285.25,285.22,285.2,285.27,285.04,284.93,284.94,285.1,285.49,285.76,285.86,285.97,286.18,286.44,286.86,287.51
284.07,284.12,284.04,283.86,283.52,283.06,282.58,282.11,281.9,282.06,282.23,282.49,282.78,282.92,283.02,283.09,282.99,282.75,282.61,282.56,282.33,282.01,281.67,281.41,281.35,281.41,281.5,281.61,281.7,281.81,281.68,281.54,281.7,281.78,281.72,281.79,281.77,281.75,281.7,281.66,281.79,281.96,282.26,282.67,283.13,283.49,283.69,284.17,284.53,284.42,284.25,284.24,284.1,284.42,284.72,284.79,284.99,284.95,284.89,284.8,284.47,284.41,284.43,284.5,284.66,284.9,285.09,285.22,285.4,285.68,286.05,286.49
282.42,282.62,282.69,282.64,282.41,282.05,281.61,281.19,281,281.04,281.06,281.32,281.73,282.12,282.4,282.54,282.39,282.1,281.88,281.76,281.53,281.22,280.88,280.51,280.41,280.49,280.58,280.67,280.82,280.85,280.81,280.92,280.86,280.93,281.07,281.27,281.29,281.21,281.2,281.24,281.24,281.43,281.68,281.98,282.26,282.63,283.17,283.65,284.08,284.24,284.09,284.05,283.87,284.06,284.58,284.64,284.61,284.6,284.49,284.27,284.1,284,283.99,284.04,284.09,284.16,284.29,284.43,284.6,284.86,285.15,285.43
280.79,281.04,281.17,281.18,281.08,280.92,280.6,280.29,280.11,280.05,280.17,280.38,280.76,281.22,281.5,281.61,281.5,281.26,281.16,281.01,280.77,280.42,279.97,279.61,279.57,279.63,279.66,279.74,279.8,279.82,279.9,279.99,280.12,280.15,280.31,280.33,280.38,280.57,280.57,280.59,280.68,280.83,281.05,281.31,281.54,281.7,281.95,282.69,283.55,283.91,283.88,283.82,283.79,283.76,284.22,284.35,284.24,284.26,284.11,283.88,283.71,283.59,283.56,283.57,283.59,283.6,283.65,283.73,283.86,284.08,284.35,284.63
279.37,279.52,279.64,279.7,279.72,279.72,279.53,279.35,279.29,279.34,279.43,279.6,279.83,280.11,280.38,280.51,280.56,280.54,280.44,280.3,280.01,279.52,279.03,278.9,278.89,278.84,278.84,278.84,278.85,278.86,278.91,278.96,279.1,279.17,279.3,279.39,279.41,279.62,279.71,279.77,279.91,280.12,280.34,280.57,280.81,280.96,281.01,281.35,282.43,283.38,283.56,283.48,283.48,283.45,283.7,283.97,283.87,283.83,283.79,283.54,283.34,283.17,283.1,283.03,282.97,282.94,283,283.14,283.31,283.48,283.64,283.73
278.02,278.22,278.27,278.26,278.48,278.65,278.45,278.3,278.38,278.49,278.52,278.66,279,279.27,279.43,279.53,279.61,279.69,279.68,279.57,279.09,278.64,278.38,278.37,278.26,278.13,278.06,278.05,278.05,278.04,278,278.02,278.08,278.15,278.28,278.38,278.54,278.68,278.7,278.84,279.04,279.26,279.44,279.72,279.95,280.11,280.19,280.31,280.92,282.3,283.03,283,282.89,282.95,283.16,283.47,283.45,283.37,283.4,283.16,282.92,282.73,282.6,282.49,282.41,282.38,282.43,282.55,282.7,282.76,282.77,282.82
277.36,277.22,277.17,277.19,277.27,277.47,277.44,277.39,277.29,277.31,277.45,277.65,277.9,278.15,278.37,278.54,278.67,278.78,278.88,278.63,278.15,277.95,277.92,277.8,277.59,277.46,277.4,277.39,277.39,277.38,277.4,277.41,277.38,277.35,277.36,277.48,277.59,277.68,277.85,277.98,278.1,278.35,278.57,278.83,279.05,279.15,279.33,279.45,279.68,280.71,282.04,282.34,282.21,282.28,282.5,282.84,282.87,282.92,283.01,282.62,282.37,282.16,281.97,281.85,281.8,281.86,281.93,282,282.07,282.12,282.17,282.2
276.95,276.81,276.88,276.94,276.85,276.63,276.44,276.43,276.4,276.45,276.58,276.71,276.87,277.01,277.2,277.42,277.66,277.89,277.99,277.68,277.45,277.36,277.28,277.11,277.01,276.94,276.91,276.87,276.81,276.75,276.72,276.7,276.63,276.58,276.59,276.7,276.79,276.86,276.95,277.06,277.22,277.4,277.6,277.84,278.15,278.34,278.48,278.73,278.8,279.18,280.6,281.54,281.45,281.53,281.74,282.15,282.27,282.33,282.36,281.97,281.81,281.54,281.34,281.21,281.21,281.31,281.39,281.43,281.5,281.57,281.54,281.41
276.21,276.11,275.96,275.96,275.94,275.8,275.62,275.54,275.53,275.58,275.67,275.8,275.98,276.19,276.39,276.65,276.87,277.05,277.08,276.87,276.74,276.64,276.51,276.44,276.44,276.44,276.4,276.34,276.24,276.14,276.08,276.03,275.93,275.92,275.98,276.05,276.02,276.03,276.08,276.14,276.24,276.36,276.54,276.8,277.18,277.58,277.75,277.94,278.19,278.15,278.85,280.46,280.76,280.78,281.06,281.51,281.58,281.71,281.72,281.33,281.19,280.94,280.72,280.61,280.61,280.66,280.71,280.76,280.76,280.7,280.56,280.39
275.63,275.64,275.72,275.75,275.62,275.55,275.33,275.16,275.03,274.99,275.01,275.1,275.33,275.65,275.94,276.11,276.18,276.31,276.29,276.15,275.97,275.83,275.81,275.83,275.89,275.89,275.85,275.75,275.58,275.4,275.3,275.24,275.15,275.1,275.18,275.32,275.33,275.36,275.33,275.29,275.35,275.49,275.67,275.89,276.28,276.79,277.14,277.24,277.47,277.67,277.6,278.8,279.97,279.95,280.28,280.7,280.85,280.92,281.04,280.73,280.51,280.35,280.16,280.07,280.02,279.99,279.98,279.94,279.8,279.7,279.58,279.37
275.3,275.09,275.13,275.33,275.17,274.92,274.69,274.49,274.32,274.25,274.28,274.42,274.79,275.3,275.67,275.63,275.61,275.65,275.57,275.33,275.23,275.23,275.17,275.22,275.28,275.24,275.17,275.1,274.9,274.75,274.65,274.55,274.47,274.42,274.47,274.51,274.52,274.5,274.5,274.52,274.66,274.84,275.01,275.22,275.62,276.1,276.53,276.76,276.87,277.16,277.2,277.43,278.69,279.33,279.5,279.92,280.29,280.43,280.27,280.25,279.92,279.84,279.72,279.62,279.52,279.41,279.35,279.24,278.99,278.72,278.5,278.28
274.7,274.66,274.65,274.63,274.4,274.14,274,273.82,273.68,273.62,273.7,273.94,274.32,274.83,275.13,275.14,275.09,274.94,274.74,274.61,274.57,274.51,274.47,274.48,274.52,274.56,274.59,274.49,274.32,274.16,274.07,273.99,273.92,273.88,273.87,273.88,273.87,273.86,273.97,274.08,274.2,274.42,274.61,274.91,275.28,275.67,276.06,276.36,276.51,276.72,276.82,276.8,277.44,278.64,278.91,279.21,279.64,279.93,280.02,279.95,279.62,279.38,279.38,279.26,279.06,278.92,278.85,278.69,278.32,277.89,277.57,277.34
273.96,274.01,274.03,273.99,273.87,273.68,273.52,273.4,273.24,273.09,273.11,273.34,273.8,274.36,274.62,274.63,274.3,273.96,273.86,273.87,273.86,273.85,273.85,273.86,273.95,274.04,274,273.87,273.74,273.61,273.52,273.46,273.41,273.38,273.36,273.36,273.37,273.37,273.52,273.73,273.91,274.19,274.53,274.83,275.12,275.41,275.74,276.02,276.2,276.41,276.5,276.39,276.56,277.46,278.4,278.6,278.96,279.34,279.42,279.41,279.44,279.3,279.05,278.93,278.8,278.6,278.41,278.25,277.91,277.44,277.05,276.75
273.43,273.4,273.41,273.4,273.33,273.25,273.17,273.1,273.04,272.9,272.8,272.92,273.38,273.82,273.74,273.35,273.1,273.12,273.3,273.4,273.39,273.37,273.41,273.48,273.48,273.45,273.41,273.38,273.29,273.16,273.08,273.04,272.98,272.9,272.88,272.93,272.98,273.03,273.15,273.37,273.71,274.18,274.54,274.8,275.03,275.27,275.48,275.67,275.82,276,276.16,276.2,276.19,276.48,277.31,277.84,278.06,278.47,278.83,278.92,278.93,278.99,278.89,278.68,278.57,278.5,278.32,277.98,277.57,277.2,276.82,276.49
272.81,272.83,272.92,272.98,272.93,272.91,272.95,272.88,272.69,272.41,272.28,272.38,272.45,272.33,272.17,272.14,272.35,272.67,272.83,272.86,272.91,273.04,273.12,273.13,273.11,273.13,273.12,273.1,273.03,272.93,272.87,272.85,272.81,272.75,272.72,272.72,272.76,272.83,272.96,273.18,273.63,274.2,274.52,274.75,274.92,275.03,275.13,275.22,275.33,275.45,275.64,275.93,276.16,276.19,276.48,276.97,277.13,277.37,277.82,278.24,278.49,278.54,278.48,278.37,278.24,278.1,277.99,277.82,277.48,277.08,276.75,276.48
272.53,272.66,272.74,272.76,272.78,272.61,272.37,272.06,271.81,271.62,271.45,271.27,271.14,271.12,271.33,271.82,272.14,272.26,272.37,272.58,272.83,272.89,272.89,272.95,273.02,273.02,272.97,272.92,272.86,272.82,272.83,272.85,272.85,272.81,272.8,272.77,272.72,272.73,272.87,273.08,273.57,274.1,274.38,274.56,274.65,274.71,274.78,274.84,274.89,275,275.14,275.35,275.79,276.06,276.16,276.21,276.31,276.52,276.79,277.22,277.71,278.08,278.26,278.2,278.04,277.87,277.68,277.49,277.31,277.05,276.71,276.37
272.35,272.45,272.54,272.39,272.16,271.88,271.66,271.43,271.17,270.96,270.83,270.84,271.02,271.32,271.55,271.69,271.84,272.05,272.31,272.57,272.64,272.67,272.79,272.92,272.91,272.75,272.57,272.44,272.37,272.39,272.48,272.56,272.6,272.62,272.66,272.74,272.78,272.76,272.8,272.95,273.37,273.84,274.08,274.24,274.32,274.35,274.37,274.41,274.45,274.53,274.65,274.81,275.1,275.59,275.84,275.74,275.72,275.7,275.78,276.18,276.59,277.08,277.43,277.51,277.47,277.45,277.34,277.15,276.92,276.68,276.57,276.38
271.79,271.84,271.73,271.57,271.37,271.19,271,270.84,270.72,270.76,270.94,271.11,271.2,271.28,271.41,271.54,271.71,271.97,272.16,272.24,272.44,272.73,272.84,272.7,272.41,272.15,272.03,271.99,271.96,272.06,272.2,272.3,272.4,272.55,272.61,272.56,272.56,272.63,272.7,272.78,273,273.37,273.65,273.82,273.88,273.87,273.88,273.92,273.99,274.06,274.15,274.3,274.54,274.85,275.18,275.46,275.57,275.55,275.49,275.44,275.53,275.64,275.88,276.04,276.12,276.2,276.25,276.22,276.14,275.98,275.81,275.68
271.3,271.22,271.08,270.95,270.84,270.78,270.75,270.86,271.04,271.13,271.18,271.33,271.67,271.85,271.71,271.68,271.77,272.04,272.15,272.42,272.53,272.39,272.16,271.96,271.82,271.76,271.75,271.72,271.71,271.77,271.87,271.92,271.93,272.02,272.18,272.3,272.31,272.29,272.38,272.51,272.64,272.84,273.06,273.25,273.32,273.32,273.34,273.38,273.47,273.58,273.67,273.81,274.02,274.25,274.46,274.66,274.81,274.98,275.18,275.19,274.98,274.89,274.88,274.86,274.86,274.8,274.68,274.74,274.85,274.89,274.84,274.74
270.9,270.91,270.91,270.9,270.91,270.96,271.06,271.16,271.24,271.29,271.28,271.42,271.81,272.21,272.03,272.01,271.92,271.84,271.98,272.08,271.93,271.81,271.74,271.7,271.73,271.75,271.72,271.71,271.75,271.82,271.84,271.78,271.67,271.63,271.68,271.79,271.96,272.02,272.01,272.1,272.28,272.38,272.51,272.65,272.74,272.79,272.82,272.88,272.98,273.09,273.18,273.28,273.44,273.63,273.77,273.89,273.99,274.1,274.22,274.28,274.23,274.1,274,273.92,273.78,273.57,273.52,273.61,273.67,273.69,273.66,273.63
270.65,270.61,270.62,270.67,270.79,270.94,271.12,271.25,271.23,271.22,271.33,271.89,272.64,272.95,272.53,271.89,271.92,272.23,272.32,272.29,272.18,271.86,272.03,272.13,272.21,272.43,272.57,272.33,271.76,271.65,271.76,271.91,271.85,271.72,271.63,271.62,271.78,271.98,271.92,271.85,272.01,272.1,272.14,272.18,272.26,272.36,272.42,272.45,272.52,272.64,272.76,272.88,272.99,273.07,273.12,273.18,273.22,273.29,273.38,273.44,273.41,273.33,273.24,273.12,273.09,273.07,272.97,272.82,272.59,272.68,272.74,272.77
270.73,270.64,270.57,270.64,270.96,271.44,271.9,272.11,272.17,272.58,272.86,272.97,272.95,272.8,272.07,272.52,272.31,272.34,272.55,272.51,272.39,272.27,272.11,272.21,272.18,271.87,271.94,271.26,271.09,271.52,271.87,272.01,271.75,271.5,271.72,272.43,272.51,272.2,272.23,272.36,272.23,272.05,271.95,272.06,272.13,272.05,272.15,272.25,272.2,272.32,272.45,272.53,272.58,272.6,272.62,272.67,272.76,272.86,272.97,273.01,272.92,272.58,272.13,271.38,270.42,269.86,269.8,269.77,269.58,269.81,269.98,269.97
270.89,271.26,271.66,271.97,272.33,272.66,272.8,272.78,272.74,272.69,272.56,272.47,272.19,272.14,272.3,272.7,272.6,272.42,272.25,272.05,271.91,271.87,271.7,271.79,270.64,271.6,272.1,272.01,272.34,272.78,271.98,270.45,270.22,270.62,271.95,273.24,273.36,273.08,273.07,272.92,272.6,272.39,272.34,272.49,272.39,272.42,272.54,272.35,272.03,272.4,272.71,272.79,272.88,273.07,273.2,272.9,272.17,271.13,270.27,269.61,268.83,268.15,267.71,266.92,266.55,265.82,265.69,266.06,266.09,267.96,268.64,268.64
272.3,272.18,272.18,272.26,272.16,271.84,271.56,271.37,271.29,271.3,270.13,271.91,272.17,272.15,272.21,270.32,270.63,272.62,272.59,272.44,272.18,272.23,272.32,272.25,264.95,266.61,269.98,270.69,272.12,272.09,268.74,268.13,269.74,269.69,269.78,270.07,271.8,272.81,273.1,272.25,270.16,269.11,271.95,273.1,273.13,272.84,272.22,271.48,270.85,270.23,269.58,269.33,268.89,268.53,268.35,268.06,267.99,267.7,267.59,267.63,268.68,266.89,266.14,264.34,264.62,263.93,264.55,265.95,265.06,265.92,266.8,266.21
272.38,272.23,271.96,271.89,271.87,271.78,271.65,271.6,271.5,271.45,271.14,266.19,265.58,265.53,265.75,266.53,268.05,268.09,266.95,264.2,263.32,263.54,263.91,263.48,263.71,262.24,261.83,264.44,265.29,262.35,261.02,259.93,259.8,260.54,260.88,262.28,264.58,266.61,266.91,266.74,263.97,261.44,263.08,266.31,267.72,267.56,268.01,268.54,268.5,268.46,267.61,266.57,265.86,263.95,261.8,265.4,261.55,264.95,263.79,259.17,257.69,256.03,255.79,255.42,254.69,253.49,253.67,254.22,255.71,256.82,259.37,260.3
269.71,271.25,272.24,272.51,272.59,272.56,272.79,272.64,270.71,267.88,265.52,264.12,262.74,261.72,261.3,260.52,259.99,259.26,258.33,257.67,256.84,255.88,255.43,255.26,254.76,253.84,255.2,257.44,256.64,256.54,256.23,255.62,255.39,255.81,256.75,257.66,258.76,259.82,259.98,260.38,261.31,262.14,262.73,262.73,262.59,262.58,262.84,262.5,261.58,260.04,258.49,257.05,255.47,254.66,254.7,255.13,255.04,254.55,253.86,252.77,250.96,248.84,247.35,246.66,246.38,246.15,245.85,246.07,246.77,248.59,250.47,254.25
265.76,267.01,270.24,272.23,273,273.15,268.74,263.7,260.6,258.35,257.24,256.85,256.41,256.21,255.83,255.65,255.51,254.81,253.9,253.07,252.02,250.62,249.47,249.08,248.98,249.62,250.89,252.44,253.63,253.5,252.86,251.92,251.93,252.61,253.11,253.52,253.85,254.28,255.01,255.83,256.42,256.63,256.7,256.77,256.75,256.57,256.15,255.53,254.72,253.56,252.12,250.69,249.43,248.47,247.92,247.42,246.72,246.03,244.95,244.11,242.95,242.02,240.93,240.33,240.58,240.91,241.55,242.41,243.54,244.94,246.53,248.22
