public/data/weather/current/current-temp-surface-Level-gfs-1.0.json
{"header": {"discipline":0,"disciplineName":"Meteorological products","gribEdition":2,"gribLength":61787,"center":7,"centerName":"US National Weather Service - NCEP(WMC)","subcenter":0,"refTime":"2014-11-30T06:00:00.000Z","significanceOfRT":1,"significanceOfRTName":"Start of forecast","productStatus":0,"productStatusName":"Operational products","productType":1,"productTypeName":"Forecast products","productDefinitionTemplate":0,"productDefinitionTemplateName":"Analysis/forecast at horizontal level/layer at a point in time","parameterCategory":0,"parameterCategoryName":"Temperature","parameterNumber":0,"parameterNumberName":"Temperature","parameterUnit":"K","genProcessType":2,"genProcessTypeName":"Forecast","forecastTime":6,"surface1Type":103,"surface1TypeName":"Specified height level above ground","surface1Value":2,"surface2Type":255,"surface2TypeName":"Missing","surface2Value":0,"gridDefinitionTemplate":0,"gridDefinitionTemplateName":"Latitude_Longitude","numberPoints":65160,"shape":6,"shapeName":"Earth spherical with radius of 6,371,229.0 m","gridUnits":"degrees","resolution":48,"winds":"true","scanMode":0,"nx":360,"ny":181,"basicAngle":0,"subDivisions":0,"lo1":0,"la1":90,"lo2":359,"la2":-90,"dx":1,"dy":1}, "data":
[rows 32 to 63 of 181, columns 0 to 71 of 360]
283.76,283.16,282.06,280.96,280.15,279.79,279.85,278.89,279.03,279.33,278.78,277.8,274.66,273.52,273.64,273.57,274.76,276.53,275.42,274.86,274.31,273.06,272.19,271.82,269.47,265.03,264.73,265.15,265.32,263.83,263.78,263.54,262.97,262.19,262.48,262.01,262.31,262.12,263.16,262.94,262.25,262.52,262.57,263.04,264.04,265.36,266.55,266.34,266.12,265.37,265.62,266.58,266.88,266.92,266.42,266.58,266.86,266.9,266.48,266.21,266.23,265.99,265.67,265,264.5,264.03,264.26,265.5,266.15,265.97,266.3,266.95
283.72,283.41,282.57,281.35,280.06,278.98,278.24,277.95,277.85,277.78,277.44,278.78,277.9,275.04,274.79,274.54,275.73,277.28,276.44,275.24,273.35,269.77,266.41,266.38,266.23,264.55,264.38,265.01,265.07,264.66,263.54,263.67,262.71,262.89,262.31,262.27,261.61,262.26,262.45,261.92,262.55,262.52,262.73,263.24,263.49,264.16,264.39,264.02,264.68,265.1,265.63,266.57,266.79,266.63,267.18,267.38,266.98,267.34,267.14,266.58,265.81,265.87,265.99,265.84,265.65,265.4,265.84,266.53,266.73,267.27,267.66,267.18
283.67,283.64,282.88,281.75,280.7,279.37,278.17,277.27,276.32,274.84,275.78,277.14,277.37,276.31,276.48,278.23,277.99,277.43,276.42,275.01,273.35,270.31,266.21,265.34,265.12,265.71,265.94,265.51,265.58,265.53,264.31,263.86,264.39,264.2,263.98,263.61,263.37,263.45,263.63,263.61,263.81,263.76,263.55,263.23,263.05,263.71,264.51,264.7,265.3,265.3,265.87,266.49,266.84,267.39,267.81,268.07,268.05,267.53,267.56,267.3,266.02,266.38,266.39,266.27,266.08,266.27,266.97,267.7,268.36,267.85,266.27,265.08
283.78,283.97,283.29,281.9,281.01,279.84,278.35,276.98,275.69,273.79,274.89,274.81,274.81,276.49,276.9,276.76,276.56,275.97,275.12,273.77,270.44,267.68,266.09,265.54,265.82,266.37,266.76,266.53,266.67,267.18,266.47,265.64,265.92,265.82,265.35,265.13,264.45,263.92,263.61,263.9,264.25,264.49,264.31,264.09,262.51,261.43,262.96,262.37,263.4,265.34,265.69,265.66,265.36,265.72,266.03,265.98,266.69,267.3,266.55,265.13,265.24,265.36,267.44,266.97,265.39,266.07,267.43,268.07,267.34,265.9,264.59,263.83
283.81,284.34,284.19,282.56,280.4,278.8,277.8,276.91,276.01,273.67,272.87,272.82,272.59,273.02,274.15,273.01,272.1,270.9,269.99,270.41,268.48,267.05,266.12,265.21,265.78,266.53,266.62,266.01,266.45,266.91,267.19,267.49,267.66,267.34,267.09,266.29,266,265.6,265.1,265.2,265.93,266.08,265.75,264.26,263.33,261.96,262.13,262.38,264.25,266.85,264.63,264.74,265.23,265.26,265.08,265.65,266.84,266.02,261.76,263.17,262.41,264.03,264.53,265.1,266.1,266.65,267.28,266.59,265.09,263.84,263.25,262.49
283.35,283.92,284.64,283.65,280.52,277.1,275.85,275.65,275.83,275.64,274.39,273.26,272.72,272.6,272.63,272.52,271.93,270.93,270.26,269.59,268.36,267.99,267.23,266.29,265.71,266.55,266.92,267.12,267.82,268.41,268.6,268.74,268.37,267.27,267.31,266.99,267.08,267.19,266.97,266.85,266.95,266.62,266.28,265.77,265.18,264.98,264.27,264.61,265.52,264.16,262.79,263.5,265.12,267.22,267.19,267.23,267.23,265.52,263.53,264.57,263.22,263.52,264.08,264.74,264.9,265.36,265.35,264.18,262.8,261.66,260.59,260.32
282.83,282.95,284.1,283.52,279.38,277.19,276.8,276.52,277.16,276.2,276.02,274.12,273.72,273.64,272.84,272.42,272.83,272.77,271.43,270.03,269.06,268.97,268.21,267.78,267.77,268.47,269.18,269.36,269.46,269.47,269.56,269.6,269.24,268.29,268.25,268.17,267.68,267.33,267.13,267.25,267.72,267.35,266.88,266.47,266.43,266.15,265.44,265.03,264.08,262.53,262.8,263.81,264.29,264.55,264.91,266.73,266.71,264.74,265.14,263.96,262.92,263.03,263.42,263.3,263.72,263.69,263.18,262.08,260.44,258.96,258.11,257.15
283.89,284.27,284.64,282.69,279.61,278.6,279.22,278.67,276.55,276.7,275.65,275.99,277.34,278.11,276.45,274.45,272.07,272.29,272.01,271.42,270.34,268.85,269,268.66,268.97,269.69,270.25,270.39,270.32,270.11,270.06,269.97,269.48,269.01,268.43,268.19,267.7,266.95,266.86,266.88,266.99,267.17,268.08,267.54,266.18,265.22,265,265.05,264.41,264.24,265.42,265.24,264.41,263.88,264.11,264.14,261.68,264.2,263.4,263.23,262.48,263.58,261.42,259.16,260.58,260.73,259.6,258.12,256.04,254.88,255.88,256.25
285.34,285.04,283.28,280.4,279.86,280.37,279.88,277.58,275.71,276.42,276.4,277.05,276.25,275.3,275.99,276.58,274.85,270.73,271.69,271.74,270.28,270.02,269.33,269.11,269.31,269.45,269.43,270.06,270.67,270.42,270,270.12,270.16,269.44,268.7,268.56,267.75,267.35,267.71,267.71,267.79,267.95,268.52,268.78,267.37,266.53,267.87,268.06,267.55,267.62,266.82,266.61,266.71,266.89,266.54,263.78,263.45,263.83,262.49,263.02,264.54,262.26,256.98,261.97,260.63,259.96,258.29,256.56,255.43,254.43,256.07,255.98
285.59,283.49,281.11,279.62,278.7,278.47,277.25,276.96,277.14,277.92,276.68,276.98,278.45,278.23,276.37,276.06,274.68,275.46,276.78,276.45,272.13,271.27,272.39,270.02,269.9,269.72,270.08,270.28,270.45,270.43,269.97,270.45,270.42,269.78,269.09,269.4,268.56,268.17,268.39,268.54,268.88,269.42,269.92,270.21,270.73,270.98,270.55,269.64,268.9,268.9,268.6,268.05,267.9,268.14,268.02,267.32,266.18,265.02,264.11,263.72,263.3,259.11,261.32,254.87,248.54,246.29,255.4,248.68,250.62,250.5,251.79,252.72
284.96,282,280.13,279.44,280.11,280.28,281.33,279.3,280.69,281.02,280.95,280.96,280.29,280.78,280.95,280.09,277.29,277.25,276.94,275.95,275.14,275.11,275.62,277.98,274.48,268.93,269.67,271.33,271.07,270.26,269.98,271.04,270.9,269.92,269.78,270.05,269.76,269.85,270.88,271.5,272.09,273.14,273.44,274.31,272.24,273.05,272.84,272.36,271.33,270.3,269.61,269.07,268.39,268.51,268.57,267.56,266.64,265.74,264.65,263.32,262.32,261.06,258.35,255.44,256.36,257.13,252.34,248.61,250.08,258.38,260.14,250.74
282.63,281.82,281.89,281.84,281.53,282.79,282.79,283.19,284.96,282.39,279.2,275.54,276.01,276.84,280.2,277.38,276.61,276.44,275.31,275.24,274.93,275.98,278.61,277.94,276.76,273.21,269.04,270.64,270.24,270.29,271.5,272.65,272.39,270.91,270.47,270.95,271.92,273.02,274.58,275.65,274.78,274.24,273.99,274.04,273.85,274.33,273.38,272.99,272.74,273.65,272.81,271.46,271.15,270.02,268.94,267.97,266.84,266,264.66,263.78,263.09,263.63,262.91,262.85,263.14,262.9,262.57,261.31,261.66,261.92,261.14,255.1
284.94,285.81,285.5,284.01,282.54,283.24,285.7,280.08,274.41,283.14,280.3,280.59,281.76,285.13,279.98,278.14,277.62,280.03,279.32,279.51,279.47,277.72,278.19,281.21,279.64,277.05,272.47,272.03,271.5,271.73,273.55,275.58,275.58,274.15,273.68,274.07,274.76,275.6,276.22,276.49,277.13,276.95,275.3,275.9,276.48,276.28,276.58,275.23,275.31,275.6,275.54,275.15,274.42,272.63,270.71,269.65,268.59,267.68,267.5,270.06,271.69,268.13,264.36,263.91,264.01,263.51,264.04,263.52,263.11,261.45,258.69,259.85
289.39,290.33,289.06,284.2,281.69,283.84,278.65,275.97,282.85,283.2,285.01,285.94,288.23,290.4,288.83,281.99,280.85,280.38,279.66,279.97,279.04,277.62,274.78,273.01,274.01,273.58,273.93,274.25,273.68,274.16,276.51,278,277.96,276.89,274.7,275.58,277.17,278.35,277.67,279.44,279.29,278.63,275.05,274.74,277.71,279.74,279.48,278.81,278.36,277.64,277.23,276.45,274.41,273.57,272.18,271.81,272.75,272.55,273.75,275.62,273.71,270.71,266.07,265.08,264.57,264.17,262.62,262.01,261.74,261.49,261.77,261.4
290.18,291.09,290.76,286.52,284.16,285.08,285.76,279.03,281.99,289.31,289.02,286.85,288.01,290.53,290.17,290.97,289.05,283.1,284.83,283.03,283.65,280.8,271.14,272.7,273.8,273.53,273.81,273.51,274.22,277.04,278.94,279.62,279.75,279.58,280.09,279.98,280.37,280.91,281.92,282.17,273.38,276.33,276.16,274.99,274.36,277.82,279.79,280.05,279.97,279.01,278.44,276.52,273.32,272.81,271.44,272.23,272.93,272.65,273.82,275.32,272.99,267.85,266.4,264.33,263.77,263.89,265.9,267.53,262.07,262.58,263.63,265.46
280.57,284.83,285.87,288.8,290.2,291.14,290.09,290.55,290.38,292.09,291.89,292.26,292.1,289.45,291.03,290.58,291,290.96,288.53,281.2,282.96,282.12,284.86,278.85,276.93,277.23,275.39,274.48,276.94,279.75,280.72,280.99,281.17,281.59,282.01,282.04,281.97,282.39,282.49,282.93,283.16,280.21,269.65,266.03,274.63,275.6,276.42,277.46,280.55,280.78,279.58,279.01,276.77,274.09,273.38,272.41,272.33,271.72,270.67,269.67,268.47,267.86,267.73,267.95,267.67,266.72,269.12,269.21,269.9,269.65,265.28,267.33
289.46,285.9,284.6,290.11,291.56,291.7,291.92,292.24,294.05,290.9,292.36,292.34,294.06,292.96,289.7,295.27,291.1,291.47,291.23,290.83,287.39,282.09,284.35,282.55,279.82,280.13,277.99,276.98,279.47,282.5,282.53,282.61,282.46,281.65,280.75,281.9,283.58,284.02,284.61,284.71,286.09,284.58,281.21,276.98,277.07,273.94,272.23,266.43,278.31,281.99,282.04,280.54,279.44,276.57,275.01,272.63,272.67,272.18,271.13,270.53,270.07,269.39,269.7,270.68,270.49,271.2,271.21,271.39,270.87,270.07,269.42,262.76
283.73,289.27,291.83,292.62,292.95,292.87,293.07,293.47,294.67,294.96,293.95,293.46,292.91,293,295.46,294.68,295.86,293.27,292.25,291.97,292.09,287.36,284.89,287.86,287.35,286.05,279.78,280.38,282.48,282.51,281.49,281.31,278.1,278.34,276.83,279.68,278.55,279.91,283.71,283.11,286.04,276.84,276.69,271.21,272.61,276.58,279.88,280.74,271.05,279.55,283.34,282.29,281.76,279.87,277.63,273.61,273.3,272.76,272.63,272.02,271.33,270.89,270.81,271.31,270.04,270.18,269.26,272.14,272.36,275.32,268.27,273.71
288.36,290.97,292.09,292.22,292.43,293.5,294.25,294.38,295.24,293.79,294.69,294.38,294,294.05,293.32,294.94,293.74,292.37,292.93,292.17,290.61,286.81,288.54,290.21,289.49,289.7,290.16,285.52,285.57,281.6,282.31,282.12,284.24,281.76,284.28,280.51,280.52,276.86,275.35,275.61,275.42,273.69,274.83,274.02,280.26,270.75,271.44,279.12,278.82,281.32,283.56,282.69,282.64,281.36,278.78,276.04,274.99,274.48,276.51,275.11,274.04,273.44,273.59,273.92,270.43,273.81,274.96,272.29,272.66,274.93,270.63,271.88
288.65,289.45,289.92,290.1,290.73,292.09,294.19,294.53,294.78,293.45,293.86,293.88,294.87,295.47,295.69,294.37,296.3,294.05,292.55,292.76,292.86,292.4,289.61,292.27,290.76,290.83,290.44,288.61,284.93,280.69,280.87,282.14,284.3,281.82,281.22,282.44,279.3,275.98,276.67,279.78,278.64,275.82,278.08,274.5,271.37,278.56,274.28,280.54,278.52,284.58,284.72,283.35,283.26,282.85,281.85,280.65,279.52,278.75,276.41,276.64,275.45,272.49,273.14,273.89,276.04,276.62,276.8,270.59,265,264.69,268.61,266.45
289.63,289.69,289.7,289.75,290.18,291.95,293.97,294.82,294.84,293.94,294.21,294.34,294.7,297.37,297.06,293.97,293.15,293.23,293.36,293.12,293.02,293.78,290.3,293.59,292.91,291.83,291.69,290.83,288.32,287.21,284.17,281.24,279.13,282.85,280.91,277.41,280.17,280.2,279.27,282.46,283.83,284.23,281.24,272.82,271.8,279.31,278.37,275.83,274.12,283.69,284.97,284.9,284.54,284.25,284.48,283.51,281.5,276.56,274.88,276.22,274.81,274.87,274.42,277.19,278.09,279.26,279.5,278.17,279.7,281.3,276.53,265.17
290.08,290.08,290.25,291.29,292.39,293.77,294.9,296.26,297.78,299.43,298.17,296.43,294.76,294.71,295.52,294.49,294.08,294.09,293.76,293.6,293.54,293.29,292.51,293.69,292.55,292.55,292.42,292.31,290.57,286.52,283.21,291.26,279.38,281.85,275.07,290.98,290.03,285.41,287.05,286.47,287.12,286.48,286.67,283.9,281.54,275.15,280.53,274.42,278.82,280.97,282.03,286.08,284.88,285.04,287.17,283.19,276.88,277.84,273.2,273.96,275.63,276.09,277.72,278.11,278.2,279.35,280.21,281.29,283.26,281.64,278.26,269.08
290.96,290.17,286.26,285.05,285.98,282.87,288.02,289.35,292.33,295.79,299.8,297.33,295.45,295.99,295.65,295.16,294.82,294.37,294.07,293.89,293.82,293.8,293.58,293.05,294.45,293.51,292.98,293.17,293.14,292.72,293.52,291.77,291.6,290.55,291.01,290.64,289.03,289.24,288.82,288.85,287.5,287.74,287.65,287.88,287.26,284.77,277.49,276.12,278.99,276.86,280.92,273.02,268.47,275.77,278.11,281.22,280.87,282.73,279.88,278.2,279.77,278.83,279.38,280.97,279.52,278.06,276.7,278.92,274.53,280.03,264.66,261.2
288.12,285.46,284.88,286.01,284.96,289.88,288.67,285.02,285.3,293.8,299.3,298.37,296.06,296.46,296.05,295.45,295.01,294.65,294.32,294.2,294.14,294.12,294.03,293.65,292.4,292.91,293.92,293.58,293.3,292.89,292.7,292.37,292,289.01,292.65,291.41,289.75,289.99,286.59,288.44,289.14,288.76,287.72,289.02,289.26,286.87,283.42,278.39,277.92,280.11,279.62,283.51,284.49,284.27,283.89,285.12,284.99,283.67,284.26,282.39,278.89,280.78,277.92,279.05,279.8,277.51,269.33,266.27,271.61,273.31,272.38,277.79
285.46,284.79,282.84,285.66,287.71,292.08,295.97,297.17,297.39,298.36,302.33,299.57,297.49,297.58,296.98,295.78,295.3,294.9,294.62,294.54,294.3,294.39,294.26,294.13,294.13,293.99,293.82,293.69,293.31,292.8,292.52,292.11,291.98,291.38,291.92,291.87,281.74,286.42,288.23,288.03,288.16,287.91,288.46,289.86,290.26,290.1,283.29,281.87,279.17,278.26,278.97,277.67,283.36,284.09,285.44,284.1,285.01,282.27,282.02,279.77,282.85,282.13,282.31,278.63,276.76,275.22,275.68,272.5,271.92,280.2,276.16,285.33
284,285.13,285.2,286.26,289.46,292.53,295.24,296.8,298.47,300.5,300.52,305.79,303.54,301.52,300.7,296.99,295.58,295.14,294.88,294.65,294.72,296.62,295.41,295.75,294.04,293.62,293.74,293.58,293.24,292.73,292.41,292.17,292.22,292.39,292.03,292.08,289.9,288.57,289.14,288.04,287.78,288.41,289.34,290.59,290.92,290.95,290.93,285.06,284.65,280.66,273.8,278.64,279.09,279.07,283.53,284.2,284.61,286.43,285.85,282.05,280.7,283.09,285.83,287.26,278.28,281.82,283.62,275.18,281.89,280.32,287.32,294.02
286.72,286.94,288.19,288.67,291.77,294.16,296.03,297.3,298.95,300.54,301.38,303.23,302.4,298.62,300.74,301.63,296.56,295.83,295.22,294.51,296.3,295.08,295.14,296.05,296.74,295.44,293.59,293.15,293.22,293.13,292.69,292.43,292.8,292.91,292.07,292.33,288.99,289.81,289.19,287.66,287.93,288.93,289.99,290.07,290.95,291.06,291.17,291.29,291.27,291.18,281.08,275.13,279.97,282.22,282.66,283.76,281.03,286.95,289.45,285.18,284.54,287.01,289.27,290.85,289.76,288.9,287.86,285.17,283.46,286.49,291.36,296.27
287.2,287.85,288.51,291.42,293.38,295.42,296.98,299.04,299.87,301.58,302.02,301.67,300.84,300.06,301.99,301.86,302.64,301.44,297.6,295.09,297.13,296.89,295.23,294.7,294.95,294.77,294.82,294.56,294.86,293.36,295.23,296.11,295.43,293.94,293.69,292.35,288.29,289.9,290.16,288.35,288.19,289.76,291.03,290.66,290.62,291.18,291.51,291.45,291.5,291.73,287.19,279.17,272.33,280.11,282.96,283.15,282.95,282.37,292.17,290.12,288.02,290.08,289.59,288.95,290.17,289.56,290.9,283.45,284.42,288.96,288.89,296.16
288.88,290.12,291.64,292.81,294.54,296.07,297.8,299.56,300.68,302.71,303.06,300.55,299.4,299.36,299.82,300.13,300.47,298.9,298.61,298.74,299.18,298.46,297.34,295.93,295.45,295.51,294.88,296.01,296.9,295.75,294.98,295.13,293.52,292.71,291.88,292.32,288.6,289.48,290.04,290.36,289.11,289.14,289.7,290.05,289.84,290.55,290.49,290.42,291.14,291.58,292.16,288.71,280.62,283.02,280.6,284.42,280.61,283.47,288.5,292.44,286.79,289.67,290.69,289.36,290.44,291.36,290.29,286.79,291.38,292.09,291.58,296.43
291.97,292.44,292.2,292.94,294.22,296.34,298.95,300.81,302.81,301.8,299.04,298.66,297.13,297.71,297.63,296.28,297.89,297.09,296.36,297.4,297.53,296.33,296.73,296.04,296.02,295.91,295.06,294.74,295.23,295.31,294.98,295.76,293.04,295.38,287.92,292.34,289.85,289.1,289.13,289.02,288.72,288.87,288.5,288.36,289,290.17,290.22,290.15,291.46,291.29,291.65,292.66,288.1,284.7,285.11,286.3,284.61,283.43,283.07,291.39,288.66,286.76,290.7,292.61,290.74,290.71,288.63,287.39,298.65,296.59,299.04,297.8
292.97,292.88,292.32,293.08,294.55,296.81,300.81,301.98,304.03,301.91,300.96,301.34,299.93,297.2,294.75,295.76,296.92,298.34,295.97,295.95,295.96,295.51,296.47,296.1,295.22,295.31,294.92,294.82,294.69,294.56,294.84,295.29,293.8,292.91,295.32,298.15,289.94,289.11,289.1,290.07,288.97,288.97,288.02,287.98,288.93,289.81,290.49,290.66,291.44,291.82,292.22,292.9,293.17,292.94,292.06,293.57,291,291.61,295.29,291.85,289.55,290.35,290.74,296.41,295.7,295.22,290.6,292.12,298.85,298.5,299.24,297.92
294.19,294.73,296.03,296.77,297.25,299.34,302.46,302.41,305.09,302.77,302.35,302.82,301.27,299.82,298.04,296.44,295.89,294.46,294.38,295.64,295.69,295.67,296.96,296.01,294.29,295.38,294.98,295.21,295.46,294.22,294.36,295.19,295.29,294.39,295.3,296.49,299.56,292.22,290.45,291.51,289.93,288.44,287.55,288.74,289.64,289.56,290.27,290.67,291.58,292.77,293.06,293.34,294.14,295.6,296.04,297.15,298.39,298.98,292.46,296.2,295.97,293.29,294.47,294.75,295.84,294.9,295.16,296.25,300.82,300.55,298.26,296.81
