public/data/weather/current/current-temp-surface-Level-gfs-1.0.json
{"header": {"discipline":0,"disciplineName":"Meteorological products","gribEdition":2,"gribLength":61787,"center":7,"centerName":"US National Weather Service - NCEP(WMC)","subcenter":0,"refTime":"2014-11-30T06:00:00.000Z","significanceOfRT":1,"significanceOfRTName":"Start of forecast","productStatus":0,"productStatusName":"Operational products","productType":1,"productTypeName":"Forecast products","productDefinitionTemplate":0,"productDefinitionTemplateName":"Analysis/forecast at horizontal level/layer at a point in time","parameterCategory":0,"parameterCategoryName":"Temperature","parameterNumber":0,"parameterNumberName":"Temperature","parameterUnit":"K","genProcessType":2,"genProcessTypeName":"Forecast","forecastTime":6,"surface1Type":103,"surface1TypeName":"Specified height level above ground","surface1Value":2,"surface2Type":255,"surface2TypeName":"Missing","surface2Value":0,"gridDefinitionTemplate":0,"gridDefinitionTemplateName":"Latitude_Longitude","numberPoints":65160,"shape":6,"shapeName":"Earth spherical with radius of 6,371,229.0 m","gridUnits":"degrees","resolution":48,"winds":"true","scanMode":0,"nx":360,"ny":181,"basicAngle":0,"subDivisions":0,"lo1":0,"la1":90,"lo2":359,"la2":-90,"dx":1,"dy":1}, "data":
[rows 32 to 63 of 181, columns 288 to 359 of 360]
254.93,254.3,253.82,252.59,252.09,251.21,250.98,251.65,250.91,251.45,259.38,264.06,265.08,266.17,267.15,268.09,268.89,269.6,270.27,271.05,271.53,272.21,272.66,272.48,272.45,272.63,272.78,272.96,273.23,273.59,274.02,274.5,274.95,275.4,275.86,276.31,276.59,276.8,276.94,277.04,277.25,277.55,277.81,277.92,278.03,278.62,279.9,281.28,282.26,282.75,283.18,283.77,284.09,283.92,283.66,283.55,283.49,283.49,283.55,283.63,283.72,283.53,283.66,283.86,283.62,282.52,283.36,280.32,281.04,283.55,284,283.98
255.22,254.48,252.56,251.92,251.23,250.61,250.64,250.26,248.97,248.19,249.89,260.89,264.18,265.13,266,266.76,267.56,268.69,269.75,270.71,271.71,272.64,272.94,272.57,272.44,272.46,272.66,273.03,273.31,273.74,274.32,274.82,275.36,275.98,276.47,276.76,277.05,277.24,277.38,277.5,277.62,277.79,277.93,278.14,278.57,279.32,280.36,281.49,282.44,282.86,283.32,283.93,284.34,284.23,283.97,283.88,283.88,283.88,283.93,284.02,284.24,284.24,284.14,284.21,284.24,284.26,283,279.56,278.33,279.28,283.31,283.89
256.47,256.43,254.19,254.3,254.16,254.02,251.83,249.3,248.49,249.91,249.2,254.94,261.24,263.96,265.03,265.62,266.27,267.05,268.03,268.99,269.86,270.72,271.4,271.73,271.85,272.12,272.44,272.64,273.03,273.7,274.44,275.1,275.7,276.26,276.81,277.09,277.27,277.54,277.78,277.99,278.09,278.17,278.29,278.58,279.14,279.94,280.91,281.96,282.61,283,283.57,284.21,284.58,284.46,284.24,284.2,284.26,284.27,284.26,284.36,284.52,284.49,284.36,284.39,284.46,284.67,284.02,282.02,281.38,281.62,283.49,283.83
259.32,257.86,257.09,256.1,255.34,255.53,254.55,253.66,254.34,252.18,251.38,251.33,252.09,257.74,262.01,264.34,265.26,266.22,267.25,268.33,269.37,270.33,270.89,271.21,271.45,271.72,272.06,272.68,273.44,274.12,274.72,275.28,275.77,276.35,276.99,277.36,277.53,277.7,277.95,278.25,278.44,278.61,278.81,279.17,279.81,280.6,281.52,282.31,282.71,283.14,283.8,284.45,284.72,284.6,284.49,284.51,284.56,284.56,284.48,284.55,284.68,284.66,284.65,284.47,283.23,282.88,283.58,284.31,282.67,282.05,281.59,283.73
261.94,260.25,259.64,259,257.35,256.42,256.46,258.64,257.01,253.67,251.6,250.73,252.06,256.18,255.31,259.7,263.4,265.37,266.31,267.48,268.42,269.17,269.73,270.13,270.73,271.44,272.34,273.32,273.97,274.46,275.15,276,276.67,277.25,277.64,277.77,277.88,278.05,278.3,278.59,278.85,279.14,279.41,279.92,280.57,281.3,282.01,282.43,282.77,283.32,284.03,284.55,284.75,284.69,284.64,284.68,284.76,284.74,284.59,284.68,284.73,284.66,284.15,282.99,282.26,281.91,282.81,284.73,285.26,284.54,281.95,282.93
263.26,263,261.02,260.79,259.88,258.17,257.85,257.92,256.61,255.16,253.25,251.61,250.2,249.24,250.9,249.39,254.43,262.81,265.02,266.35,267.2,268.02,268.83,269.72,270.89,272.12,273.12,274.02,274.65,275.36,276,276.64,277.29,277.79,278.11,278.23,278.37,278.57,278.8,279.09,279.42,279.73,280.17,280.72,281.26,281.81,282.16,282.49,283.04,283.67,284.24,284.62,284.81,284.79,284.73,284.78,284.91,284.81,284.69,284.71,284.7,284.66,284.69,283.38,281.87,281.24,282.59,284.54,282.8,283.92,283.11,283.28
263.88,262.6,262.12,262.51,262.53,260.8,259.57,258.89,258.06,256.82,255.15,253.7,252.52,250.5,249.8,250.7,257.01,263.87,265.34,266.28,267.1,267.9,268.88,269.94,271.05,272.45,273.7,274.71,275.56,276.22,276.57,277.3,278.1,278.49,278.63,278.69,278.89,279.17,279.44,279.7,280.03,280.47,280.96,281.41,281.84,282.2,282.49,282.99,283.65,284.22,284.63,284.92,284.99,284.89,284.81,284.88,285.02,284.95,284.86,284.8,284.79,284.84,283.27,281.87,282.79,283.44,284.32,284.55,283.01,282.69,282.83,282.9
265.37,265.22,263.48,263.52,264.08,262.83,262.73,262.08,260.79,260.25,258.28,257.8,258.53,259.59,263.24,263.34,262.37,265.68,266.64,267.32,268.31,269.33,270.21,270.99,271.88,272.93,273.99,275,275.83,276.63,277.44,278.71,278.91,279.01,279.21,279.52,279.77,280.02,280.28,280.51,280.78,281.11,281.5,281.92,282.34,282.7,283.17,283.79,284.35,284.8,285.12,285.21,285.12,284.97,284.9,285,285.16,285.17,285.13,285.19,285.08,285.2,285.12,284.63,284.44,284.51,284.79,285.12,283.9,283.73,283.58,284.06
266.64,267.3,264.97,264.58,264.91,268.07,270.54,271.65,271.73,271.72,271.79,270.76,270.06,269.68,268.44,261.61,265.39,268.64,269.39,270.21,270.96,271.46,271.81,272.23,272.76,273.42,274.29,275.12,275.91,276.97,277.99,278.93,279.66,280.16,280.15,280.06,280.48,281.18,281.36,281.4,281.54,281.78,282.12,282.56,283.05,283.58,284.07,284.54,284.99,285.36,285.53,285.45,285.25,285.09,285.03,285.16,285.39,285.49,285.43,285.72,285.78,285.63,285.5,285.64,285.85,285.85,285.91,285.77,285.89,285.88,285.72,285.32
269.69,267.94,266.26,267.99,270.16,268.19,263.87,265.5,272.6,272.73,272.39,272.79,272.69,272.22,265.72,262.97,263.49,264.42,265.35,270.02,271.61,272.32,272.73,273.05,273.5,274.07,274.69,275.33,276.13,277.11,278.26,279.72,280.95,281.19,281.18,281.63,281.5,281.9,282.28,282.45,282.59,282.85,283.2,283.77,284.33,284.52,284.88,285.31,285.69,285.9,285.96,285.78,285.46,285.28,285.27,285.4,285.69,285.7,285.51,286.02,286.18,286.27,286.23,286.21,286.24,286.04,286.09,286.24,286.47,286.55,286.5,285.89
269.64,268.96,269.82,267.62,265.27,266.88,266.92,270.49,273.7,272.92,272.98,273.13,273.46,269.12,263.1,261.53,265.36,265.21,267.29,270.38,272.55,272.81,273.1,273.58,274.11,274.7,275.27,275.79,276.47,277.28,278.09,279.17,280.09,280.77,281.25,282.01,282.79,283.45,283.55,283.78,283.94,284.14,284.57,285,285.1,285.4,285.82,286.17,286.39,286.49,286.56,286.17,285.75,285.64,285.69,285.86,286.12,286.08,285.92,286.1,286.33,286.56,286.7,286.56,286.43,286.39,286.46,286.95,287.54,287.28,287.34,286.56
268.83,269.32,269.21,267.97,268.17,268.38,266.72,270.69,271.8,272.75,272.85,272.35,272.51,273.56,274.41,275.24,275.52,275,271.62,268.1,272.75,273.32,273.85,274.43,275.27,276.01,276.56,277,277.4,278.1,279.07,279.89,280.48,281.2,281.92,282.82,283.81,284.72,285.08,285.12,284.95,284.98,285.26,285.54,285.97,286.35,286.62,286.76,286.9,287.07,286.95,286.3,286.01,285.93,286.04,286.34,286.32,286.13,286.16,286.45,286.85,286.95,286.85,286.72,286.8,287.01,287.45,287.75,288,287.95,286.59,283.94
272.71,271.43,269.71,269.85,271.35,271.23,272.19,272.57,270.29,271.7,272.46,268.13,270.75,273.45,274.33,275.45,276.26,276.33,275.78,275.25,274.93,274.96,275.49,276.31,276.96,277.45,278.01,278.58,278.95,279.51,280.29,280.98,281.64,282.36,283.15,283.88,284.77,285.6,285.72,285.29,285.33,285.53,285.92,286.65,287.14,287.08,287,287.18,287.49,287.51,287.03,286.36,286.23,286.21,286.15,286.48,286.52,286.38,286.94,287.09,287.16,287.17,287.14,287.36,287.82,288.24,288.48,288.67,288.73,287.89,286.81,285.94
270.54,267.73,270.63,274.03,274.04,277.12,279.64,274.48,271.09,271.11,273.81,274.98,275.02,275.29,275.98,276.76,277.04,277.14,277.06,276.89,276.92,277.06,277.53,278.11,278.52,279.07,279.62,280.11,280.61,281.23,281.84,282.29,282.95,283.65,284.33,285.05,285.83,285.93,285.56,285.62,285.85,286.3,287.41,287.92,287.6,287.41,287.35,287.86,288.01,287.84,287.1,286.54,286.57,286.51,286.42,286.65,286.88,287.19,287.52,287.58,287.55,287.61,287.93,288.19,288.45,288.71,288.96,289.16,289.06,288.62,288.3,288.64
271.3,271.54,276.36,280.73,280.47,280.02,277.58,276.48,279.34,277.98,277.26,276.85,276.73,277.14,277.81,278.17,278.27,278.17,278.11,278.2,278.31,278.61,278.96,279.41,279.86,280.56,281.12,281.47,282.01,282.65,283.36,283.77,284.33,284.91,285.52,286.19,286.26,286.01,286,286.14,286.75,288.29,288.67,288.29,288.07,287.91,287.79,288.32,288.5,288.15,287.3,287.01,286.9,286.59,286.68,287.26,287.6,288.01,288.05,287.92,288.19,288.36,288.49,288.44,288.88,289.2,289.31,289.44,289.52,289.65,289.39,289.69
274.04,276.1,282.7,281.48,280.63,280.52,280.74,280.59,280.31,279.44,278.69,278.11,278.17,278.73,279.25,279.25,279.23,279.37,279.44,279.49,279.62,279.82,280.19,280.72,281.36,282.01,282.55,283.07,283.52,284.1,284.77,285.11,285.66,286.08,286.65,286.78,286.72,286.59,286.46,287.54,289.34,289.35,289.14,288.9,288.63,288.54,288.57,288.74,288.53,288.16,287.83,287.25,286.94,286.83,287.47,288.03,288.41,288.62,288.45,288.71,288.84,288.87,288.99,289.01,286.99,284.01,279.44,278.81,282.21,284.3,283.44,282.13
276.91,279.21,283.37,282.54,281.56,281.38,281.66,281.73,281.86,281.38,280.65,280.01,279.9,280.42,280.86,281.06,281.33,281.57,281.64,281.48,281.45,281.41,281.54,281.93,282.38,282.95,283.71,284.53,285.08,285.42,285.67,286.23,286.68,287.11,287.36,287.46,287.26,286.91,288.63,290.37,290.02,289.97,289.73,289.41,289.15,289.1,289.15,289.25,288.75,288.63,288.4,287.85,287.54,287.98,288.39,288.68,288.89,289.01,289.14,289.3,289.38,289.41,289.57,290.75,285.89,284.14,284.29,285.01,285.87,280.96,284.54,288.44
285.35,285.56,284.73,283.9,282.97,282.71,282.63,282.73,283.17,283.33,283.04,282.53,282.55,282.88,283.19,283.34,283.8,284.18,284.3,284.06,283.68,283.42,283.17,283.21,283.75,284.5,285.21,285.9,286.36,286.63,286.94,287.35,287.73,287.98,288.23,287.96,287.46,289.48,291.15,290.8,290.8,290.41,290.01,289.75,289.58,289.33,289.62,289.55,289.24,289.16,289.03,288.26,287.97,288.77,289.22,289.26,289.36,289.5,289.67,289.81,289.93,289.98,290.01,289.91,285.5,284.12,282.85,284.84,283.39,284.89,282.28,281.42
285.88,286.47,286.07,285.42,284.72,284.05,283.65,283.62,284.06,284.41,285.16,285.02,285.07,285.14,285.3,285.7,286.16,286.61,286.74,286.61,286.33,285.97,285.7,285.7,285.75,286.07,286.63,287.15,287.57,287.9,288.16,288.48,288.78,289.08,288.71,288.15,289.9,291.76,291.64,291.58,291.14,290.73,290.3,290.06,289.89,289.79,289.76,289.73,289.77,289.82,289.69,288.7,288.84,289.52,289.79,289.84,289.89,289.97,290.17,290.36,290.52,290.57,290.14,288.52,284.46,286.32,287.53,289.11,288.4,286.7,283.5,281.64
286.95,287.81,287.31,286.72,286.22,285.48,284.77,284.48,285.25,286.21,286.97,287.28,287.24,287.22,287.32,287.73,288.32,288.72,288.92,288.86,288.55,288.17,287.82,287.72,287.81,287.91,288.25,288.71,288.78,289.16,289.42,289.66,289.98,289.61,288.88,290.44,292.3,292.29,292.15,291.91,291.51,290.98,290.56,290.32,290.08,290.08,290.06,290.19,290.3,290.44,290.2,289.12,289.56,290.11,290.3,290.32,290.36,290.37,290.68,290.95,291.07,290.97,290.74,289.12,287.28,286.93,287.92,287.45,286.44,283.03,282.72,282.13
288.06,288.93,288.35,287.64,287.42,287.12,286.66,286.46,287.06,288.02,288.14,288.59,289.25,289.35,289.37,289.74,290.21,290.49,290.65,290.56,290.18,290.17,289.94,289.66,289.54,289.86,290.06,289.75,290.03,290.45,290.69,290.86,290.53,290.19,291.65,292.94,292.78,292.73,292.4,292.21,291.71,291.28,290.84,290.45,290.33,290.45,290.61,290.7,290.81,290.96,290.67,289.81,290.22,290.61,290.78,290.81,290.81,290.85,290.96,291.33,291.6,291.52,291.03,288.89,287.78,287.24,286.86,287.08,287.36,282.02,283.48,288.37
289.19,289.59,288.95,288.22,287.96,288.2,288.35,288.4,288.8,289.46,289.53,289.88,290.69,290.88,291.12,291.37,291.54,291.61,291.5,291.11,291.3,291.42,290.88,290.62,290.88,291,290.9,291.32,291.6,291.76,291.87,291.82,291.89,293.2,293.56,293.45,293.32,293.21,292.8,292.52,292.36,291.84,291.12,291.06,291.32,291.34,291.34,291.29,291.35,291.46,291.14,290.48,290.82,291.08,291.22,291.38,291.24,291.21,291.41,291.69,292.04,292.01,291.38,289.86,288.51,288.1,289.75,286.18,285.74,281.9,291.09,290.62
290,289.64,289.06,288.52,288.66,288.94,289.23,289.79,290.16,290.41,290.69,291.24,291.33,291.41,291.32,291.33,291.45,291.75,292.01,291.98,292.58,292.1,291.78,291.81,292.03,292.1,292.43,292.87,293.1,293.26,293.37,293.61,294.52,294.45,293.87,293.79,293.79,293.6,293.02,292.71,292.27,292.27,291.92,291.75,292.12,292.13,291.99,291.98,291.93,291.85,291.52,291.08,291.42,291.47,291.65,291.76,291.75,291.63,291.77,292.01,292.35,292.22,292.07,291.36,289.86,289.49,289.72,290.32,289.83,290.02,289.74,289.67
289.87,289.42,289.07,289.21,289.59,289.97,290.25,290.79,291.09,290.97,291.44,291.92,292.22,292.21,292.3,292.59,292.72,292.43,292.75,292.67,293.46,293.14,293.08,293.52,294.06,294.42,294.27,294.24,294.39,294.68,294.94,295.26,295.06,294.64,294.53,294.15,294.2,293.8,293.23,293.05,292.08,292.44,292.53,292.5,292.72,292.68,292.68,292.62,292.35,292.12,291.7,291.71,291.96,292.06,292.13,292.11,292.15,292.11,292.15,292.23,292.57,292.37,292.19,291.77,290.71,290.08,286.98,280.42,285.65,290.78,289.06,287.3
289.67,289.45,289.74,290.3,290.65,290.88,291.19,291.59,291.76,291.78,292.13,292.51,292.76,293.01,293.24,293.51,294.02,293.97,293.99,293.69,293.75,294.11,294.75,295.47,296.04,295.39,294.75,295.33,295.91,295.92,295.72,295.53,295.21,295.04,294.83,294.49,294.37,294.04,293.56,293.35,292.46,292.89,293.18,293.3,293.27,293.24,293.32,293.05,292.67,292.24,292.09,292.26,292.38,292.46,292.56,292.64,292.56,292.53,292.64,292.52,292.44,292.28,292.24,291.96,291.12,288.57,285.82,285.5,282.75,283.19,283.54,283.57
290.12,290.42,290.78,291.26,291.57,291.79,292.03,292.27,292.32,292.47,292.75,293.08,293.25,293.44,293.82,294.16,294.37,294.62,294.47,294.61,294.8,295.03,295.41,295.8,296.24,295.67,295.54,295.91,296.07,296.09,296.07,295.64,295.35,295.2,295.08,294.77,294.67,294.43,293.97,293.53,293.13,293.43,293.74,293.9,293.8,293.75,293.73,293.2,292.68,292.41,292.54,292.74,292.81,292.9,292.98,292.93,292.91,292.86,292.77,292.5,292.25,292.16,291.47,290.74,287.71,283.94,282.19,277.32,287.02,282.18,283.3,283.13
291.4,291.56,291.82,292.14,292.4,292.61,292.74,292.89,293.02,293.05,293.08,293.45,293.71,294,294.3,294.4,294.7,294.96,295.04,295.17,295.45,295.7,295.87,296.31,296.61,296.57,296.24,296.5,296.39,296.51,296.16,295.74,295.41,295.4,295.32,295.21,295.04,294.73,294.39,294.06,293.73,293.98,294.29,294.31,294.35,294.26,293.93,293.02,292.69,292.77,292.99,293.17,293.14,293.26,293.38,293.23,293.12,293.1,293.12,293.03,292.81,292.48,292.53,290.49,287.72,288.12,275.99,281.99,284.54,285.53,283.64,286.68
292.54,292.71,292.9,293.14,293.45,293.55,293.58,293.61,293.72,293.71,293.8,293.98,294.19,294.53,294.83,294.92,295.11,295.32,295.49,295.71,295.98,296.27,296.54,297.01,297.29,297.19,296.97,296.83,296.74,296.73,296.13,295.75,295.47,295.61,295.66,295.51,295.67,295.16,294.83,294.72,294.61,294.59,294.7,294.66,294.79,294.41,293.74,293.41,293.2,293.32,293.52,293.53,293.54,293.5,293.51,293.51,293.43,293.41,293.36,293.01,292.7,292.53,291.68,279.8,276.36,284.46,283.39,287.62,287.04,287.24,287,287.08
293.55,293.76,293.84,294.12,294.3,294.31,294.36,294.31,294.43,294.54,294.67,294.88,295.04,295.17,295.31,295.5,295.73,295.98,296.2,296.45,296.61,296.8,296.9,297.35,297.61,297.31,297.1,296.9,296.93,296.66,296.13,295.67,295.5,295.79,295.94,295.93,296.11,295.59,295.43,295.37,295.16,295.09,295.13,295.01,295,294.46,293.69,293.68,293.77,293.89,293.89,293.95,293.85,293.8,293.54,293.62,293.69,293.71,293.44,293.08,292.91,292.74,291.32,283.82,282.86,289.01,287.65,287.4,287.65,287.21,288.49,287.84
294.42,294.6,294.87,294.99,294.91,294.86,294.88,294.96,295.11,295.25,295.32,295.47,295.65,295.85,296.04,296.21,296.38,296.64,296.7,296.79,296.89,297.2,297.61,297.75,297.48,297.22,297.06,297.2,296.98,296.55,296,295.66,295.4,295.85,296.26,296.18,296,295.9,295.64,295.69,295.56,295.68,295.59,295.33,295.03,294.66,294.38,294.34,294.19,294.26,294.37,294.35,294.22,294.16,293.9,293.98,293.76,293.79,293.54,293.36,293.24,292.98,289.8,289.32,291.72,289.72,289.28,288.89,288.44,289.06,289.08,289.96
295.23,295.44,295.6,295.69,295.57,295.57,295.55,295.56,295.63,295.7,295.87,296.17,296.46,296.67,296.76,296.89,297.14,297.11,297.32,297.07,297.4,297.7,297.76,297.56,297.58,297.57,297.36,297.23,297.03,296.35,295.89,295.66,295.41,296.16,296.39,296.36,296.07,296.04,295.91,295.92,295.94,296.01,295.73,295.4,295.01,294.75,294.55,294.46,294.63,294.74,294.77,294.54,294.53,294.5,294.38,294.02,293.88,294.48,294.17,294.25,293.54,292.75,291.3,290.13,291.24,292.11,291.03,289.75,289.19,290.15,290.67,291.76
296.1,296.25,296.36,296.38,296.32,296.26,296.24,296.32,296.47,296.6,296.84,297.05,297.4,297.51,297.68,297.8,297.79,297.25,296.86,297.4,297.95,297.81,297.75,297.9,297.86,297.48,297.48,297.35,296.82,296.15,295.89,295.79,295.75,296.63,296.55,296.68,296.58,296.39,296.41,296.27,296.31,296.21,295.99,295.69,295.29,295.11,295.04,295.05,295.07,294.99,295.08,294.86,294.8,294.8,294.64,294.38,293.96,294.22,293.75,293.57,293.48,293.3,290.85,290.97,291.61,292.32,291.47,291.21,290.56,291.82,292.06,293.01
