public/data/weather/current/current-temp-surface-Level-gfs-1.0.json
{"header": {"discipline":0,"disciplineName":"Meteorological products","gribEdition":2,"gribLength":61787,"center":7,"centerName":"US National Weather Service - NCEP(WMC)","subcenter":0,"refTime":"2014-11-30T06:00:00.000Z","significanceOfRT":1,"significanceOfRTName":"Start of forecast","productStatus":0,"productStatusName":"Operational products","productType":1,"productTypeName":"Forecast products","productDefinitionTemplate":0,"productDefinitionTemplateName":"Analysis/forecast at horizontal level/layer at a point in time","parameterCategory":0,"parameterCategoryName":"Temperature","parameterNumber":0,"parameterNumberName":"Temperature","parameterUnit":"K","genProcessType":2,"genProcessTypeName":"Forecast","forecastTime":6,"surface1Type":103,"surface1TypeName":"Specified height level above ground","surface1Value":2,"surface2Type":255,"surface2TypeName":"Missing","surface2Value":0,"gridDefinitionTemplate":0,"gridDefinitionTemplateName":"Latitude_Longitude","numberPoints":65160,"shape":6,"shapeName":"Earth spherical with radius of 6,371,229.0 m","gridUnits":"degrees","resolution":48,"winds":"true","scanMode":0,"nx":360,"ny":181,"basicAngle":0,"subDivisions":0,"lo1":0,"la1":90,"lo2":359,"la2":-90,"dx":1,"dy":1}, "data":
[rows 64 to 95 of 181, columns 72 to 143 of 360]
300.63,299.88,298.03,298.13,298.05,296.5,296.67,297.4,297.93,297.79,297.11,296.92,296.95,296.34,295.46,295.55,295.81,295.66,292.15,288.97,288.39,288.32,285.83,281.12,282.51,280.48,278.1,276.44,276.65,277.22,281.42,281.06,281.65,284.56,284.49,282.9,283.69,281.58,281.89,281.94,281.25,282.37,282.29,287.88,288.18,289.34,290.9,292.05,295.21,295.72,296.59,296.66,297.34,298.11,298.17,298.46,298.14,297.99,297.85,297.7,297.7,297.34,297,296.8,296.46,296.13,295.99,296.03,296.1,296.21,296.38,296.46
302.55,299.98,297.21,296.17,298.02,296.66,296.38,295.97,295.2,294.99,296.87,295.37,295.89,296.82,295.29,295.35,294.98,294.72,294.34,295.26,292.02,287.24,279.51,284.14,285.28,283.82,275.02,279.36,278.02,279.99,280.57,282.88,282.48,284.84,287.38,288.73,288.04,286.76,286.22,282.4,282.02,281.19,289.71,290.11,291.32,291.42,293.13,295.16,295.34,297.5,296.83,297.75,298.63,298.8,299.14,298.53,298.32,298.15,298.04,298.01,297.94,297.57,297.08,296.87,296.72,296.6,296.54,296.51,296.5,296.57,296.68,296.8
302.55,300.73,300.66,297.1,297.83,296.39,295.08,295.76,295.14,295.05,292.71,294.31,291.6,291.39,294.68,294.94,295.26,295.57,295.15,293.01,286.59,283.39,282.37,289.11,286.27,285.77,279.78,278.18,278.54,279.23,279.29,284.38,282.85,284.34,289.19,291.54,290,290.16,289.69,288.74,289.34,290.77,293.56,294.7,294.79,294.27,296.39,296.56,296.71,290.6,299.26,299.11,299.07,299.27,298.99,298.68,298.49,298.37,298.32,298.34,298.17,297.66,297.43,297.2,297.03,296.96,296.95,297.01,297.11,297.21,297.35,297.52
303.56,299.93,299.83,299.02,297.81,297.03,295.33,293.48,294.95,292.36,294.73,292.54,291.39,292.9,293.56,293.91,295.97,295.91,293.93,294.34,291.24,281.19,285.25,290.98,290.41,280.01,281.1,278.31,281.37,278.45,281.45,284.27,286.15,291.65,292.01,293.54,295.9,295.13,296.38,295.22,295.93,298.26,298.33,295.78,295.97,297.05,297.18,297.14,297.5,290.47,298.65,299.58,299.54,299.1,299.09,298.52,298.62,298.14,298.53,298.74,298.51,298,297.69,297.63,297.57,297.57,297.58,297.67,297.82,298.02,298.27,298.55
304.03,301.16,299.46,301.32,299.27,296.44,295.74,295.36,295.01,290.2,295.42,295.8,294.91,290.04,289.96,296.2,298.98,294.21,298.89,299.28,295.22,282.67,289.2,295.22,294.39,284.76,281.69,278.41,277.27,279.84,282.02,283.55,286.47,290.86,291.49,294.91,294.33,298,298.87,297.18,296.84,297.83,297.17,297.06,297.36,297.82,298.18,298.65,299,298.99,299.22,299.03,299.12,299.32,299.31,299.37,299.17,298.83,298.72,299.1,299.06,298.74,298.41,298.29,298.22,298.2,298.3,298.47,298.69,299.04,299.31,299.47
302.88,303.21,299.92,301.52,299.04,298.66,297.26,295.54,292.95,295.02,294.16,295.1,293.96,294.93,295.72,299.02,298.73,298.32,298.51,298.53,298.21,287.72,283.11,294.51,293.26,283.05,283.13,282.06,281.99,279.47,283.18,282.18,288.48,292.14,298,297.24,298.43,299.23,298.81,298.71,298.2,297.61,297.54,297.59,297.95,298.44,298.91,299.41,299.48,299.44,299.17,299.08,299.03,299.08,299.05,299.28,299.5,299.67,299.35,299.25,299.44,299.27,299,298.96,298.94,298.98,299.14,299.38,299.63,299.82,299.91,299.94
301.37,302.1,298.31,298.73,298.3,297.68,297.09,296.02,293.65,292.54,291.58,292.89,289.71,295.37,297.72,299.23,298.89,299,299.21,299.1,299.23,297.9,285.37,294.35,291.69,283.73,283.38,282.96,285.63,280.93,288.53,285.51,288.95,293.36,298.11,298.45,298.36,298.93,297.74,298.78,298.52,298.29,298.25,298.37,298.65,299.08,299.56,299.97,299.98,299.91,299.76,299.48,299.33,299.38,299.36,299.54,299.68,299.72,299.62,299.67,299.77,299.66,299.58,299.59,299.61,299.72,299.89,300.02,300.22,300.33,300.44,300.32
301.35,303.31,297.59,298.25,297.76,297.79,297.37,296.6,295.61,294.26,293.8,289.99,292.54,300.98,300.04,299.38,299.41,299.55,299.6,299.5,299.28,299.53,293.69,289.79,289.93,281.24,282.72,287.39,290.2,286.26,286.74,282.23,290.75,293.96,298.61,298.75,298.82,295.68,294.96,299.34,298.97,298.92,298.97,299.09,299.3,299.59,299.98,300.35,300.68,300.68,300.18,299.86,299.78,299.8,299.93,299.79,299.86,299.84,299.79,299.83,300.03,300.08,300.15,300.14,300.16,300.25,300.37,300.52,300.66,300.71,300.56,300.46
301.54,302.11,295.67,298.98,298.94,296.89,296.97,296.77,295.13,292.81,291.13,292.95,300.97,300.42,300.02,299.93,299.91,299.87,299.81,299.7,299.5,299.43,300.41,287.29,292.31,286.13,282.8,285.1,290.87,289.6,291.23,296.47,296.5,293.41,295.57,299.26,299.28,299.99,299.7,299.68,299.52,299.42,299.37,299.47,299.68,299.95,300.43,300.68,300.86,294.4,296.3,299.89,300.19,300.21,300.27,300.37,300.39,300.35,300.47,300.54,300.42,300.5,300.51,300.63,300.59,300.6,300.71,300.77,300.74,300.69,300.65,300.64
301.72,302.63,297.23,299.2,299.81,299.17,297.26,297.92,298.35,298.53,297.9,300.97,300.34,300.3,300.29,300.38,300.28,300.06,300.03,300.06,299.85,299.78,299.95,292.28,294.35,301.25,287.99,290.66,297.9,292.85,297.92,300.09,297.35,298.64,296.2,297.53,299.88,299.94,299.94,300.04,299.99,299.89,299.81,299.86,300.04,300.59,300.7,300.75,300.72,289.78,297,300.21,300.64,300.61,300.72,300.82,300.89,301.05,301.04,301.01,300.91,300.87,300.85,300.93,300.83,300.8,300.91,300.91,300.91,300.98,301.1,301.12
301.82,302.45,298.74,298.24,299.07,299.08,299.57,294.44,296.43,300.42,300.61,300.39,300.5,300.52,300.51,300.47,300.39,300.27,300.2,300.23,300.29,300.14,300.36,295.99,301.97,302.98,291.89,288.04,298.85,298.4,300.05,302,301.08,299.39,297.52,292.54,295.35,300.24,300.31,300.37,300.28,300.23,300.27,300.4,300.58,300.72,300.64,301.09,298.03,294.48,300.07,300.71,300.94,300.96,301.1,301.26,301.39,301.45,301.4,301.34,301.27,301.18,301.17,301.08,300.98,301,301.01,301.23,301.37,301.48,301.55,301.6
301.5,301.28,302.44,297.66,298.92,298.67,299.72,297.26,299.75,300.4,300.53,300.66,300.55,300.53,300.58,300.56,300.49,300.49,300.61,300.67,300.68,300.59,301.5,302.29,302.04,302.31,296.87,295.1,300.56,300.42,300.02,301.54,300.57,298.43,293.98,294.35,290.86,299.63,300.58,300.53,300.71,300.71,300.72,300.9,301.11,301.12,301.46,301.84,299.07,296.4,301.19,301.15,301.21,301.22,301.36,301.54,301.59,301.62,301.69,301.66,301.51,301.34,301.27,301.33,301.42,301.52,301.63,301.69,301.83,301.98,301.97,301.93
301.59,302.04,303.17,297.05,296.16,297.63,296.11,296.05,299.51,300.53,300.57,300.48,300.53,300.59,300.64,300.7,300.77,300.77,300.79,300.79,300.91,301.19,301.52,301.56,301.72,302.22,301.56,295.74,301.23,302.46,300.85,300.98,297.89,296.31,296.78,295.1,292.62,296.51,300.82,300.84,301.03,301.22,301.16,301.02,301.06,301.53,301.62,301.39,301.67,297.28,299.08,299.1,300.61,301.37,301.58,301.76,301.83,301.81,301.85,301.84,301.65,301.51,301.53,301.72,301.69,301.77,301.9,302.02,302,301.95,301.93,301.94
301.74,301.44,300.8,301.43,293.46,295.34,294.47,297.28,299.22,300.57,300.51,300.6,300.69,300.84,300.96,301.01,301.09,301.06,301.11,301.29,301.44,301.54,301.69,301.86,302.08,302.25,302.42,294.89,301.49,301.15,297.89,299.61,303.03,299.15,296.6,294.93,291.41,294.54,300.83,300.94,301.26,301.3,301.61,301.36,301.42,301.48,301.78,300.67,300.48,293.57,300.75,301.44,299.51,301.54,301.73,301.8,302.01,301.99,301.98,301.95,301.87,301.86,301.73,301.74,301.95,302.01,302.04,302.03,301.92,301.95,301.92,301.91
301.6,301.12,301.03,302.19,293,292.52,295.97,297.45,300.16,300.54,300.65,300.69,300.65,300.67,300.72,300.68,300.69,301.03,301.39,301.47,301.95,301.61,301.71,301.96,302.15,302.28,302.26,297.76,302.26,301.93,301.95,295.22,295.33,299.97,297.7,294.06,287.13,294.01,300.89,300.87,301.55,301.19,300.86,301.31,301.72,301.08,300.96,301.49,301.73,301.41,300.93,301.26,300.58,296.43,301.92,301.8,302.13,302.09,302.08,302.07,302.07,302.02,301.98,302.09,302.09,302.13,302.13,301.96,301.87,301.9,301.92,301.91
301.48,301.3,301.2,300.55,301.78,295.47,297.14,298.97,299.89,300.52,301.04,301.19,301.25,301.2,300.87,301.08,301.17,301.08,301.15,301.13,301.13,301.28,301.54,301.73,301.97,302.06,302.05,297.02,302.41,301.69,302,301.43,296.9,300.69,299.68,296.29,296.85,301.44,301.18,300.92,301.5,301.29,300.57,301.07,301.8,301.58,301.53,301.06,301.11,300.79,298.49,298.51,299.77,297.72,301.97,301.82,302.07,302.08,302.08,302.05,302.06,302.19,302.26,302.27,302.26,302.23,302.09,301.93,301.95,301.99,301.99,302.05
301.25,301.15,300.99,301.32,301.88,291.94,295.21,298.53,299.89,301.12,301.17,301.15,301.27,301.26,301.14,301.01,301.11,301.25,300.94,301.16,301.13,301.26,301.34,301.46,301.6,301.65,301.5,298.98,301.54,301.69,301.68,301.74,301.82,300.66,300.28,301.66,301.42,301.21,301.28,301.38,301.46,301.53,301.48,301.5,301.63,301.46,301.58,298.91,301.13,300.98,302.15,296.48,298.95,301.39,301.7,301.89,302.02,302.12,302.1,302.07,301.98,302.29,302.3,302.29,302.37,302.36,302.2,302.09,302.15,302.15,302.24,302.31
301.22,301.18,301.19,301.5,300.8,300.28,298.38,300.22,299.2,300.59,301.23,300.95,300.98,301.06,300.91,300.9,300.76,301.04,301.01,301.05,301.09,301.1,301.16,301.22,301.32,301.5,301.32,298.8,301.41,301.61,301.59,301.65,301.65,299.82,301.75,301.45,301.27,301.39,301.43,301.38,301.43,301.68,301.7,301.94,301.3,300.97,298.72,301.39,301.17,301.17,300.97,300.01,301.42,298.69,295.3,301.8,301.78,301.98,302.14,302.18,302.17,302.27,302.34,302.48,302.51,302.45,302.31,302.27,302.31,302.3,302.42,302.42
301.09,300.85,300.85,301.11,301.13,300.95,301.53,300.61,299.09,299.01,301.36,300.9,300.75,300.82,300.76,300.58,300.58,300.72,300.78,300.67,300.74,300.93,301.1,301.2,301.26,301.41,301.58,299.62,299.95,301.11,301.42,301.4,301.42,301.35,301.46,301.33,301.39,301.38,301.34,301.34,301.72,301.78,301.95,302.06,301.89,301.39,301.27,301.25,301.52,301.49,301.07,296,295.66,291.41,295.9,301.65,301.71,301.96,301.9,302.17,302.22,302.1,302.2,302.54,302.65,302.64,302.57,302.47,302.41,302.49,302.61,302.53
300.97,300.75,300.66,300.79,301,300.45,301.46,300.69,299.68,294.45,300.96,300.99,300.79,300.75,300.81,300.83,300.8,300.41,300.65,300.64,300.66,300.83,301.03,301.17,301.26,301.4,301.62,301.44,297.22,301.07,301.25,301.23,301.1,301.07,301.1,301.17,301.2,301.22,301.03,301.23,301.86,301.83,302.04,302.04,302.02,301.31,301.64,301.56,301.64,301.66,300.09,301.37,300.05,295.1,297.01,301.75,302.09,302.1,302.19,302.17,302.2,302.41,302.46,302.13,301.95,302.14,302.1,302.57,302.38,302.31,302.7,302.82
301.09,300.94,300.75,300.58,300.7,300.63,301.21,300.83,300.83,301.9,300.74,300.96,300.86,301.05,301.34,301.28,301.08,300.72,300.66,300.75,300.8,300.95,301.13,301.08,301.14,301.46,301.52,301.45,301.04,295.1,298.16,301.29,301.08,301,300.96,301.2,301.4,301.57,301.65,301.85,301.87,301.97,302.3,302.07,301.18,294.93,301,302.04,301.86,301.79,301.83,301.28,301.71,296.34,302.2,302.13,302.33,302.39,302.39,302.45,302.54,302.56,302.58,302.35,302.53,302.54,302.5,302.41,302.38,302.41,302.35,302.29
301.24,301.04,300.85,300.7,300.64,300.72,300.99,301.22,300.88,301.41,301.44,301.38,301.33,301.54,301.58,301.56,301.49,301.06,300.87,300.97,301.02,301.13,301.23,301,293.51,298.16,301.43,301.57,301.55,295.56,296.61,297.99,301.16,300.89,300.81,301.23,301.27,301.35,301.5,301.76,301.58,302.09,302.29,301.71,295.16,295.6,296.51,299.97,302.03,301.96,301.85,301.64,301.79,302.18,302.12,302.02,302.26,302.37,302.54,302.61,302.68,302.55,302.24,302.21,302.9,302.76,302.63,302.5,302.45,302.52,302.44,302.5
301.13,301.11,300.97,300.96,300.88,300.81,300.88,300.98,301.25,301.31,301.46,301.58,301.62,301.67,301.65,301.62,301.65,301.6,301.34,301.18,301.17,301.21,301.24,301.19,300.53,291.7,297,301.3,301.27,298.89,297.58,297.49,300.99,301.18,301.11,301.16,300.95,301.43,301.42,302.02,301.89,302.3,298.39,295.05,293.94,298.12,302.27,301.9,301.91,301.76,302.13,302.09,301.75,301.91,301.76,302.11,302.32,302.25,302.42,302.39,302.47,302.6,302.61,302.35,302.45,302.64,302.59,302.56,302.57,302.44,301.93,302.63
301,300.76,301.17,301.17,300.95,300.64,300.5,300.57,300.97,301.11,301.28,301.64,301.8,301.79,301.71,301.67,301.7,301.63,301.45,301.37,301.24,301.3,301.12,300.95,300.81,299.63,294.69,294.19,300.3,301.34,297.03,299.01,301.38,300.94,301.23,301.28,301.25,301.63,301.53,301.26,301.29,298.19,296.3,291.59,293.29,296.61,302.05,301.95,301.9,301.98,302.03,302.12,301.94,301.79,301.36,301.28,301.89,302.19,302.16,301.87,302,302.25,302.37,302.64,302.6,302.42,302.41,302.58,302.59,302.62,302.34,301.76
301.05,301.11,301.2,301.15,301.07,301.03,301.03,301,301.26,301.47,301.56,301.63,301.74,301.82,301.7,301.7,301.6,301.56,301.51,301.33,301.42,301.38,301.24,300.66,300.3,300.08,299.35,292.18,298.25,299.07,301.88,298.95,300.1,301.53,301.34,301.47,301.75,302,300.63,300.3,297.53,297.93,295.65,293.66,295.69,297.38,301.15,302.01,301.98,301.93,302.06,302.07,301.88,301.98,301.99,301.75,300.2,301.51,301.67,301.8,302.04,302.35,302.5,302.54,302.64,302.82,302.52,302.35,302.54,302.45,302.48,302.03
301.22,301.17,301.15,301.21,301.3,301.24,301.27,301.21,301.17,301.59,301.52,301.71,301.9,301.92,301.81,301.73,301.69,301.61,301.52,301.5,301.6,301.69,301.55,300.54,300.15,299.98,299.85,296.05,296.57,298.25,298.55,299.32,300.59,301.24,301.36,301.3,301.55,299.08,296.2,297.29,297.75,297.17,294.45,295.65,293.54,297.62,297.54,301.43,301.39,292.62,295.85,299.53,298.61,299.08,302.07,301.86,298.04,301.3,301.52,302.01,302.15,302.4,302.67,302.68,302.62,302.74,302.84,302.61,302.52,302.45,302.6,302.56
301.29,301.31,301.3,301.26,301.29,301.34,301.46,301.52,301.7,301.85,301.98,301.98,301.99,301.91,301.73,301.67,301.66,301.31,301.11,301.26,301.36,301.61,301.29,300.35,300.63,300.76,300.77,300.76,293.22,296.81,298.3,298.39,300.34,300.93,301.71,301.56,301.5,301.46,297.34,297.88,297.23,295.39,296.26,295.69,297.35,298.22,302.16,301.68,298.99,303.11,302.37,302.01,302.56,302.83,302.28,302.43,301.05,301.73,301.52,299,302.03,302.8,302.54,302.47,302.27,302.7,302.86,302.85,302.88,302.82,302.48,302.15
301.23,301.24,301.27,301.34,301.43,301.51,301.56,301.59,301.71,301.79,301.84,301.77,301.6,301.43,301.51,301.68,301.68,301.43,301.36,301.29,301.35,301.16,300.88,300.34,300.74,301.16,301.14,300.86,301.38,292.95,297.46,297.87,300.06,301.06,301.22,301.09,302.09,302.23,297.36,296.49,296.29,297.27,298.21,297.84,296.79,299.54,301.71,301.46,293.62,302.33,296.56,300.69,302.87,302.69,302.27,302.45,302.21,301.93,302.06,300,296.58,292.31,296.75,302.27,299.82,302.7,302.84,302.78,302.85,302.85,302.87,302.47
301.31,301.36,301.41,301.45,301.45,301.5,301.51,301.49,301.53,301.6,301.68,301.28,301.31,301.5,301.31,301.48,301.61,301.56,301.63,301.55,301.33,301.26,300.64,301.13,301.62,301.75,301.25,301.5,300.04,294.32,296.06,297.7,298.78,301.21,299.39,302.33,302.67,302.15,300.27,297.56,297.67,298.34,298.92,298.64,297.04,302.13,301.55,301.58,289.85,294.37,302.98,302.48,302.25,302.39,301.84,302.02,302.15,301.8,299.1,302.14,300.87,297.49,299.01,303.03,302.11,301.47,297.78,301.4,302.96,302.81,302.45,302.28
301.51,301.38,301.32,301.35,301.34,301.37,301.25,301.28,301.35,301.4,301.22,301.37,301.22,301.17,300.95,301.08,301.37,301.49,301.55,301.61,301.42,301.28,301.06,301.35,301.79,301.79,301.42,302.22,300.86,300.3,292,297.12,298.33,299.53,301.68,302.58,299.57,302.31,302.31,300.06,299.32,301,299.61,299.25,298.54,301.94,301.95,295.32,292.67,298.39,296.69,302.39,302.26,302.27,301.3,302.05,301.05,297.04,299.06,301.97,300.85,297.96,295.76,301.86,299.05,294.42,296.45,297.36,295.77,296.17,300.36,302.64
301.25,301.19,301.2,301.09,301.06,301.26,301.25,301.07,301,301.15,301.19,301.04,301.14,301.1,301.02,301.03,301.16,301.39,301.49,301.58,301.42,301.54,301.38,301.49,301.76,301.3,301.54,301.15,301.66,300.8,298.89,291,297.2,298.85,302.4,302.7,302.5,302.44,302.52,302.32,302.38,302.37,302.28,300.35,302.29,302.7,302.28,302.56,300.19,302.94,296.82,301.96,302.03,301.85,302.43,301.26,301.67,301.29,301.45,301.57,301.67,295.67,301.13,295.85,288.64,282.92,281.56,288.88,293.31,295.89,297.47,297.5
300.77,300.85,300.91,300.59,300.79,300.93,300.83,300.98,300.99,301.09,301.05,301.03,301.14,301.26,301.28,301.31,301.32,301.48,301.51,301.51,301.46,301.41,301.25,300.99,301.44,301.33,301.06,301.19,300.87,300.22,300.15,299.64,292.89,298.33,300.59,302.16,303.32,302.49,302.63,302.37,302.47,302.29,302.29,302.28,302.16,302.37,302.65,302.33,295.95,302.41,301.9,299.66,301.98,301.96,301.91,302.02,301.61,301.53,301.6,301.53,301.69,301.82,301.88,301.47,301.11,299.86,296.47,298.55,291.16,288.12,289.04,289.38
