public/data/weather/current/current-wind-surface-level-gfs-1.0.json
{"header": { "discipline":0, "disciplineName":"Meteorological products", "gribEdition":2, "gribLength":74295, "center":7, "centerName":"US National Weather Service - NCEP(WMC)", "subcenter":0, "refTime":"2018-10-21T06:00:00.000Z", "significanceOfRT":1, "significanceOfRTName":"Start of forecast", "productStatus":0, "productStatusName":"Operational products", "productType":1, "productTypeName":"Forecast products", "productDefinitionTemplate":0, "productDefinitionTemplateName":"Analysis/forecast at horizontal level/layer at a point in time", "parameterCategory":2, "parameterCategoryName":"Momentum", "parameterNumber":2, "parameterNumberName":"U-component_of_wind", "parameterUnit":"m.s-1", "genProcessType":2, "genProcessTypeName":"Forecast", "forecastTime":0, "surface1Type":103, "surface1TypeName":"Specified height level above ground", "surface1Value":10.0, "surface2Type":255, "surface2TypeName":"Missing", "surface2Value":0.0, "gridDefinitionTemplate":0, "gridDefinitionTemplateName":"Latitude_Longitude", "numberPoints":65160, "shape":6, "shapeName":"Earth spherical with radius of 6,371,229.0 m", "gridUnits":"degrees", "resolution":48, "winds":"true", "scanMode":0, "nx":360, "ny":181, "basicAngle":0, "lo1":0.0, "la1":90.0, "lo2":359.0, "la2":-90.0, "dx":1.0, "dy":1.0 }, "data":
[rows 150 to 174 of 181, columns 228 to 284 of 360]
2.0785425,2.4285424,3.7585425,3.3585424,2.8185425,3.3785424,3.3585424,2.8885424,2.6385424,2.4485426,2.7785425,3.0985425,2.8285425,3.1585424,3.2985425,3.3685424,3.4285424,3.6185424,3.9485426,4.3485427,4.4585423,4.6485424,4.8185425,4.4185424,3.7385426,3.5585425,4.0285425,4.0885425,4.6085424,4.6985426,4.6685424,4.8685427,5.1985426,5.5685425,5.8885427,6.2785425,6.6285424,7.0585423,7.5085425,7.8185425,7.9385424,8.088543,7.9385424,8.128543,7.9385424,7.9585423,8.108542,8.128543,7.8285427,7.6385427,7.9185424,8.048542,8.118543,8.218542,8.348542,8.798542,9.508542
3.0185425,3.1085424,3.2085426,4.0885425,4.0385423,3.9285424,4.0985427,4.0785427,3.7885425,3.7085426,4.0285425,4.4885426,4.1085424,4.1785426,4.1985426,4.1485424,4.5585423,4.7185426,4.8685427,5.1485424,5.5085425,5.9285426,6.0885425,6.2985425,6.2985425,6.2585425,5.7485423,6.3185425,6.7185426,7.3285427,7.4985423,7.5485425,7.6185427,7.7285423,7.8785424,8.148542,8.498543,8.8185425,9.138542,9.5285425,9.768542,9.868543,9.848542,9.628543,9.038543,9.618543,9.788543,9.5285425,9.798542,9.978542,10.078543,10.418543,9.878543,10.608542,11.5285425,11.708543,11.968542
3.6385424,3.6585424,3.9785426,4.0985427,4.4585423,4.8285427,5.0485425,5.0485425,4.9485426,4.6085424,4.8485427,5.2485423,5.3485427,5.3085423,5.3685427,5.3885427,5.4385424,5.2785425,5.5385423,5.8085423,6.0285425,6.6585426,7.1685424,7.3285427,7.5885425,7.5985427,8.248543,8.648542,8.638542,9.038543,9.108542,9.178542,9.368543,9.698543,10.238543,10.308542,10.328543,10.178542,10.518542,10.648542,10.888542,10.908543,10.628543,10.598542,11.3185425,12.248543,12.468542,12.448543,12.008542,12.148542,12.488543,13.148542,13.238543,13.338543,13.2785425,13.328543,12.728542
3.1685424,3.2785425,3.5185425,3.8585424,4.5985427,5.0985427,5.6685424,6.1585426,6.1185427,5.9285426,5.4985423,5.5485425,5.6385427,5.7485423,5.7885423,5.9085426,6.2885423,6.2685423,6.6285424,7.1985426,7.5785427,7.9085426,8.148542,8.438542,8.808542,9.248543,9.538543,9.898542,10.478542,10.958543,11.498543,11.918543,12.238543,12.398542,12.508542,12.508542,12.548542,12.678542,12.908543,13.058542,13.178542,13.328543,13.458543,13.648542,13.878543,14.158543,14.248543,14.378543,14.538543,14.598542,14.5285425,14.388542,14.478542,14.578543,14.268542,14.2785425,13.638542
5.2885423,3.9285424,4.7985425,4.5185423,3.5785425,3.8285425,3.9185424,4.7385426,6.1685424,5.7785425,5.8485427,5.9985423,5.4485426,5.5885425,5.8685427,6.0785427,6.4285426,6.7485423,7.1185427,7.6085424,8.148542,8.838543,9.178542,9.548542,10.118543,10.668543,11.0285425,11.918543,11.688542,12.378543,12.708543,12.178542,12.698543,14.518542,14.708543,14.968542,15.348542,15.558542,15.658543,15.578543,15.548542,15.638542,15.748543,15.808542,15.948543,16.138542,16.308542,16.418543,16.228542,15.998543,16.068542,15.918543,14.548542,13.718542,14.268542,13.5285425,12.298542
4.3285427,5.0885425,5.1285424,4.3985424,3.9385424,3.6285424,3.5285425,3.6585424,3.8785424,4.0785427,4.5585423,5.5285425,5.8185425,5.2685423,5.1085424,5.6085424,5.9585423,5.8385425,6.6785426,7.2385426,7.9085426,8.298542,8.878543,9.648542,10.508542,9.798542,11.048542,11.718542,11.478542,11.758542,12.348542,12.838543,12.238543,11.888542,12.148542,12.978542,13.128543,13.198543,13.238543,13.928542,15.338543,14.918543,15.248543,16.658543,16.138542,16.508543,16.468542,16.328543,14.7785425,13.548542,14.188542,13.698543,12.508542,12.178542,11.508542,10.888542,10.548542
4.3285427,4.4085426,4.4585423,4.5685425,4.3085423,3.9085424,3.7585425,3.7285426,3.5985425,3.4085424,3.4785426,3.5185425,3.8585424,4.5985427,5.3085423,5.5485425,5.2985425,5.2485423,5.4685426,6.2585425,6.6185427,6.9485426,8.008542,8.958543,9.578543,10.198543,9.888542,9.8185425,9.758542,9.808542,9.928542,10.018542,10.608542,10.758542,11.078543,11.058542,11.258542,12.668543,13.338543,12.878543,12.748543,13.168543,12.558542,12.488543,12.668543,12.838543,12.748543,12.468542,12.348542,12.228542,12.208543,11.768542,11.448543,11.128543,10.858542,10.838543,10.548542
3.9185424,3.9785426,4.0885425,4.2085423,4.0585423,3.6585424,3.2685425,3.1485424,3.3285425,3.7085426,3.7485425,3.3085425,2.9885426,3.1685424,3.5485425,3.6385424,3.9885426,4.4685426,4.5385423,4.5885425,4.9785423,5.6185427,6.1385427,6.6885424,7.1585426,7.9285426,8.078543,8.018542,7.8485427,7.8585424,8.058542,8.618543,9.048542,9.508542,9.928542,10.368543,10.468542,10.398542,10.398542,10.748543,10.928542,10.898542,10.798542,10.978542,11.108542,11.298542,11.198543,11.148542,11.358542,11.498543,11.328543,11.098542,11.008542,10.738543,10.168543,10.048542,8.408543
3.3585424,3.0885425,3.2185426,3.4685426,3.6585424,3.7285426,3.3885424,2.8485425,2.5885425,2.7685425,3.3085425,3.8485425,4.1285424,4.0685425,3.9585426,3.9185424,3.8085425,3.9285424,4.5385423,4.5485425,4.6485424,4.9285426,5.2385426,5.4885426,5.4885426,5.6285424,5.8585424,6.2685423,6.7585425,7.1085424,7.5185423,7.7985425,8.038543,8.508542,8.838543,8.8185425,8.798542,8.958543,9.018542,9.048542,9.228542,9.438542,9.698543,9.958543,10.218542,10.5285425,10.708543,10.768542,10.688542,10.618543,10.288543,9.488543,8.858542,8.2785425,5.0185423,1.0885425,2.1485424
2.0085425,2.2885425,2.5985425,2.8085425,2.9185424,3.0385425,3.1385424,3.0685425,2.9285424,2.7985425,2.8385425,3.2085426,3.7785425,4.3285427,4.7285423,4.9985423,5.1085424,5.1985426,5.2485423,5.1385427,5.3785424,5.7385426,5.7985425,5.3985424,5.2585425,5.5985427,6.0385423,6.4985423,6.8385425,7.0885425,7.2085423,7.3285427,7.5885425,7.7585425,7.7385426,8.038543,8.2785425,8.428542,8.578543,8.608542,8.658543,8.648542,8.728542,8.918543,9.328543,9.498543,9.478542,9.108542,8.838543,8.538543,7.5985427,4.9185424,1.6985425,1.6785425,3.0885425,3.8685424,4.0185423
1.4285425,1.5985425,1.4585425,1.6285424,1.6985425,1.8785424,2.2385426,2.5685425,2.8285425,3.0585425,3.2985425,3.5785425,3.8485425,4.0885425,4.3785424,4.4985423,4.5485425,4.6485424,4.4185424,3.9585426,4.0885425,4.5485425,4.9985423,5.4485426,6.0285425,6.3785424,6.1085424,6.1085424,6.2085423,6.3585424,6.6085424,6.7785425,6.8385425,6.8285427,7.0485425,7.2885423,7.4985423,7.8085423,8.0685425,8.468542,8.578543,8.408543,8.328543,8.5285425,8.518542,7.7085423,5.8985424,3.3885424,1.7885425,1.8485425,2.8785424,3.8585424,4.2385426,4.1885424,4.2185426,4.1885424,3.2585425
-4.8214574,-3.7814574,-1.4114575,0.4285425,0.96854246,1.1085424,1.5085425,2.1685424,2.7285426,3.0985425,3.3885424,3.6585424,3.8885424,4.0585423,4.0685425,3.9285424,3.7585425,3.6985426,3.6585424,3.5585425,3.5385425,3.6185424,3.9485426,4.4485426,4.8585424,5.0885425,5.2185426,5.3385425,5.1885424,4.9785423,5.1485424,5.4785423,6.0985427,6.7685423,7.3285427,7.8185425,8.248543,8.418543,8.268542,7.8785424,6.6985426,4.5585423,2.4085424,1.1585425,0.95854247,1.7285424,2.9085424,3.7085426,3.9885426,4.1685424,4.5285425,4.8085423,4.8485427,5.0785427,5.0785427,4.2285423,4.5485425
-6.9714575,-7.7114577,-8.391458,-9.261457,-9.701458,-8.841457,-6.8314576,-4.3714576,-2.1214576,-0.5514575,0.28854248,0.6685425,0.7985425,0.9485425,1.1485425,1.3485425,1.5685425,1.8685424,2.2085426,2.4485426,2.6185424,2.7485425,2.8585424,3.0085425,3.2185426,3.5885425,3.9585426,4.2685423,4.6285424,4.9885426,6.7285423,7.5785427,4.9785423,3.9785426,2.9985425,2.0485425,0.89854246,-0.3114575,0.45854247,1.1885425,1.8885425,2.3785424,2.5285425,2.9285424,3.6985426,4.5085425,4.9585423,4.8885427,4.7085423,4.8185425,4.8585424,4.5285425,4.4585423,4.8685427,4.7685423,4.3585424,3.8385425
-3.3814576,-3.1314576,-2.9014575,-2.2714574,-3.9314575,-8.641458,-8.771458,-7.0314574,-7.2814574,-8.481458,-8.941458,-8.851458,-8.541457,-8.171457,-7.5914574,-6.9414577,-6.1414576,-5.1514573,-4.0514574,-3.0314574,-2.2014575,-1.4714575,-0.8314575,-0.24145752,0.22854248,0.5085425,0.8885425,1.2285424,-0.36145753,-1.5414575,-2.8914576,-3.4114575,-4.3014574,-3.9014575,-3.1914575,-2.0314574,0.4685425,2.7985425,4.4885426,4.0085425,2.7185426,2.8485425,2.1285424,3.0585425,3.8285425,2.2885425,2.0385425,2.0585425,2.3185425,2.7785425,2.5185425,0.76854247,-1.1314576,-0.79145753,1.6385425,1.8285425,-0.59145755
-3.7114575,-3.8914576,-4.7914577,-6.9514575,-8.071458,-7.3814573,-6.1014576,-4.0814576,-1.6714575,-4.2314577,-6.5714574,-3.9614575,-2.7614574,-2.6814575,-3.7614574,-2.9714575,-2.5114574,-4.8314576,-2.7614574,-2.6914575,-3.7314575,-4.2314577,-4.1314573,-3.4314575,-3.6414576,-4.2014575,-4.2114577,-3.9514575,-3.6814575,-3.5014575,-3.5614576,-3.9714575,-3.4314575,-2.4414575,-0.7014575,-0.01145752,0.90854245,3.3285425,5.8785424,5.5285425,3.5985425,3.2185426,3.7285426,3.2285426,1.8885425,1.6885425,2.3985424,2.5785425,1.3285425,-0.17145751,-1.6314576,-2.2214575,-0.78145754,0.26854247,0.01854248,-0.9214575,-3.1514575
-2.4514575,-1.5614575,-1.5214576,-1.4814575,-2.4614575,-3.2014575,-2.1914575,-1.5614575,-1.6714575,-1.8114575,-2.4714575,-3.1114576,-2.7714574,-2.6914575,-2.6114576,-2.6814575,-1.6614575,-0.14145751,-0.8314575,-1.1414576,-2.4514575,-3.1614575,-2.3414576,-2.8814576,-3.3114576,-3.7714574,-4.1614575,-4.4814577,-4.7614574,-4.6114573,-4.0714574,-2.7314575,-1.6814575,-1.5714575,-0.17145751,1.7685425,2.1485424,1.7585425,1.7485424,2.2585425,2.5885425,2.6085424,2.8585424,3.2985425,3.9785426,5.1985426,6.2885423,6.4985423,6.0585423,5.7285423,5.3385425,5.5585423,6.6485424,6.0985427,2.9085424,1.1385425,1.5085425
0.5785425,0.06854248,-2.3014574,-2.5114574,-1.3114575,-0.48145753,0.37854248,0.8585425,1.4185425,1.5585425,1.1585425,1.1585425,1.6585425,2.1285424,2.1985426,1.5585425,1.9485425,2.4585426,0.51854247,-1.2414575,-0.7614575,-1.3714576,-2.2014575,-1.6714575,-1.5114576,-1.6614575,-1.5114576,-1.3714576,-1.7414575,-2.0514574,-1.6914575,-1.4914575,-2.4014575,-3.1314576,-2.7014575,-2.5914576,-2.2514575,-1.6414576,-1.5514575,-0.9614575,0.3085425,1.0685425,2.2985425,4.0785427,5.4585423,6.8385425,8.698543,9.438542,8.258542,6.4085426,6.1585426,7.6185427,8.298542,6.6685424,3.7985425,0.9485425,-1.0514575
2.4485426,2.0885425,1.7185425,1.4585425,0.7885425,0.2785425,1.7985425,3.2385426,3.3885424,3.6685424,3.8985424,3.9385424,3.7685425,2.8085425,2.7285426,3.4785426,2.6985426,1.8985425,1.6585425,1.3985425,1.3185425,1.4485425,1.6585425,1.8585424,1.8085425,1.8285425,1.9385425,1.8985425,1.7485424,1.4885424,1.2585425,1.1885425,1.0585425,0.9885425,1.0485425,0.9185425,0.8185425,1.1985425,1.9185425,2.6085424,3.4585426,4.3885427,5.1885424,6.1585426,6.9885426,6.9285426,6.2985425,5.6485424,5.2985425,4.2485423,1.4585425,0.28854248,2.0085425,3.0085425,2.1285424,1.0385425,0.8585425
1.8585424,1.8485425,2.0085425,2.3785424,2.7685425,2.9185424,2.9685426,3.2285426,3.4585426,3.4585426,3.4485426,3.4085424,3.2685425,3.1685424,3.0885425,2.7885425,2.2985425,1.8185425,1.3685424,1.0485425,1.0185425,1.0285425,0.9485425,0.8285425,0.6085425,0.38854247,0.12854248,-0.29145753,-1.0314575,-1.8414575,-2.1114576,-1.7414575,-1.0314575,-0.15145752,0.8185425,1.7385424,2.1885424,2.2185426,2.2485425,2.0985425,1.8485425,1.7185425,1.1385425,-0.091457516,-1.2214575,-0.5214575,2.2085426,2.1085424,-2.1414576,-3.4814575,-1.7614576,-0.20145752,0.58854246,1.1385425,0.9285425,0.15854248,0.16854247
-0.7414575,-0.6914575,-0.5214575,-0.19145752,0.3685425,0.95854247,1.2585425,1.3385425,1.3985425,1.4285425,1.4385425,1.3985425,1.3785424,1.5885425,1.8685424,1.9285425,1.8285425,1.7885425,1.6985425,1.3185425,0.5385425,-0.45145753,-1.3214575,-1.7614576,-1.9714575,-2.1914575,-2.3014574,-2.1414576,-1.6914575,-1.0314575,-0.21145752,0.6385425,1.3185425,1.6785425,1.7085425,1.5885425,1.3785424,1.1485425,0.9285425,0.6385425,0.3385425,0.3985425,0.95854247,1.8385425,3.3785424,4.6985426,5.2085423,3.0785425,1.1085424,-0.8314575,-1.2314575,-0.5214575,-0.06145752,0.29854247,0.65854245,1.1285424,1.8485425
-1.5714575,-1.2614576,-0.9614575,-0.6814575,-0.39145753,-0.05145752,0.15854248,0.23854248,0.2785425,0.41854247,0.7285425,1.0885425,1.3585424,1.4985424,1.5085425,1.4785424,1.5285425,1.5485425,1.2485424,0.7585425,0.3385425,0.03854248,-0.14145751,-0.27145752,-0.40145752,-0.49145752,-0.42145753,-0.21145752,0.04854248,0.31854248,0.58854246,0.7985425,0.89854246,0.9285425,1.0485425,1.2285424,1.3985425,1.7485424,2.4785426,3.3685424,4.2285423,5.0285425,5.4885426,5.2885423,4.7785425,4.5485425,4.8885427,5.2385426,5.2585425,4.3785424,5.3085423,4.8485427,3.1185424,2.0185425,2.1985426,2.3885424,1.7085425
-2.3914576,-2.4614575,-2.4414575,-2.4114575,-2.3414576,-2.1314576,-1.8114575,-1.4114575,-0.90145755,-0.3514575,0.16854247,0.58854246,0.89854246,1.0585425,1.1185424,1.0885425,0.9385425,0.6885425,0.38854247,0.05854248,-0.24145752,-0.42145753,-0.49145752,-0.4414575,-0.29145753,-0.10145752,0.06854248,0.23854248,0.38854247,0.48854247,0.6185425,0.9985425,1.7785425,2.7585425,3.6085424,4.0485425,4.0885425,4.0385423,4.1585426,4.4685426,4.7485423,4.8685427,4.8285427,4.8385425,5.1885424,5.8785424,6.1785426,5.5485425,4.7185426,4.6885424,5.4185424,6.0685425,6.1285424,5.8485427,5.4985423,4.9185424,3.8485425
-1.0014576,-0.60145754,-0.23145752,0.088542484,0.2785425,0.35854247,0.41854247,0.5485425,0.71854246,0.8785425,1.0285425,1.0685425,0.9385425,0.71854246,0.6185425,0.6785425,0.6885425,0.5085425,0.14854248,-0.23145752,-0.5014575,-0.6214575,-0.6414575,-0.7014575,-0.85145754,-0.9514575,-0.78145754,-0.2514575,0.65854245,1.6985425,2.6185424,3.2385426,3.6485424,3.9285424,4.0885425,4.1185427,4.0985427,4.1785426,4.4185424,4.6885424,4.7885423,4.7685423,4.7685423,4.8285427,4.7685423,4.4185424,3.9585426,3.7785425,3.8885424,3.7885425,3.2385426,2.5185425,1.9285425,1.3585424,0.6685425,-0.11145752,-1.0214576
0.59854245,0.64854246,0.6085425,0.52854246,0.48854247,0.51854247,0.6085425,0.6985425,0.76854247,0.7285425,0.4985425,0.05854248,-0.5014575,-0.9614575,-1.2214575,-1.2914575,-1.3314575,-1.4714575,-1.7914575,-2.1514575,-2.3214576,-2.2214575,-1.9714575,-1.7714576,-1.6614575,-1.3714576,-0.7014575,0.34854248,1.4685425,2.2685425,2.5085425,2.2685425,1.8485425,1.5585425,1.5285425,1.7585425,2.1685424,2.6685424,3.1585424,3.4585426,3.4385424,3.1085424,2.6885424,2.4585426,2.3585424,2.2885425,2.1785424,2.0585425,1.9085425,1.6685425,1.3685424,1.0285425,0.6685425,0.23854248,-0.39145753,-1.2514576,-2.1714575
0.10854248,0.3085425,0.5785425,0.9185425,1.1785425,1.2385424,1.0385425,0.65854245,0.21854249,-0.16145752,-0.5014575,-0.84145755,-1.2114575,-1.6214576,-2.0714576,-2.5514574,-3.0114574,-3.3214576,-3.4114575,-3.2914574,-3.0314574,-2.7414575,-2.4914575,-2.2614574,-1.9914575,-1.6214576,-1.1514575,-0.6214575,-0.13145752,0.23854248,0.4285425,0.4285425,0.26854247,0.07854248,-0.02145752,0.088542484,0.37854248,0.6785425,0.8185425,0.7585425,0.6285425,0.5785425,0.5685425,0.5385425,0.48854247,0.40854248,0.34854248,0.34854248,0.37854248,0.4385425,0.4985425,0.5785425,0.6885425,0.7585425,0.6885425,0.3985425,-0.12145752
