public/data/weather/current/current-wind-surface-level-gfs-1.0.json
{"header": { "discipline":0, "disciplineName":"Meteorological products", "gribEdition":2, "gribLength":74640, "center":7, "centerName":"US National Weather Service - NCEP(WMC)", "subcenter":0, "refTime":"2018-10-21T06:00:00.000Z", "significanceOfRT":1, "significanceOfRTName":"Start of forecast", "productStatus":0, "productStatusName":"Operational products", "productType":1, "productTypeName":"Forecast products", "productDefinitionTemplate":0, "productDefinitionTemplateName":"Analysis/forecast at horizontal level/layer at a point in time", "parameterCategory":2, "parameterCategoryName":"Momentum", "parameterNumber":3, "parameterNumberName":"V-component_of_wind", "parameterUnit":"m.s-1", "genProcessType":2, "genProcessTypeName":"Forecast", "forecastTime":0, "surface1Type":103, "surface1TypeName":"Specified height level above ground", "surface1Value":10.0, "surface2Type":255, "surface2TypeName":"Missing", "surface2Value":0.0, "gridDefinitionTemplate":0, "gridDefinitionTemplateName":"Latitude_Longitude", "numberPoints":65160, "shape":6, "shapeName":"Earth spherical with radius of 6,371,229.0 m", "gridUnits":"degrees", "resolution":48, "winds":"true", "scanMode":0, "nx":360, "ny":181, "basicAngle":0, "lo1":0.0, "la1":90.0, "lo2":359.0, "la2":-90.0, "dx":1.0, "dy":1.0 }, "data":
[rows 104 to 129 of 181, columns 58 to 115 of 360]
1.4954394,1.7454394,1.7054394,1.6154394,1.5054394,1.3954395,1.6154394,1.8354394,2.2554395,2.6354394,2.8454394,2.6054394,2.2854395,1.8554394,1.6554395,2.2654395,3.0054395,3.7854395,4.4854393,5.0354395,5.1454396,5.1854396,4.8554397,4.565439,4.065439,3.9854395,4.2154393,4.5254393,4.6554394,5.0054393,5.1054397,5.1054397,4.8854394,5.0554395,4.1354394,3.3154395,3.2754395,4.0854397,5.0454392,5.1154394,4.5854397,4.6054397,4.0154395,4.1854396,4.3754396,4.5054393,4.6254396,4.5954394,4.4754395,4.7254395,4.9054394,4.9254394,5.2354393,5.4354396,5.3454394,5.0454392,4.7154393,4.4254394
0.31543946,0.7954395,1.2054394,1.1354394,1.1454395,1.0654395,1.2854395,1.5554395,1.7254394,2.1554394,2.3554394,2.2454395,1.5454395,0.8654395,0.77543944,1.3654394,2.3254395,3.3154395,3.9954395,4.4054394,4.4254394,4.2854395,4.2154393,4.0254393,3.9054394,3.7054396,3.7554395,3.9054394,3.6954393,3.9254394,4.2454395,4.3754396,4.4654393,4.3954396,4.5454392,4.0354395,3.6754394,3.6554394,3.6054394,3.6254394,3.5054395,3.0754395,3.1454394,3.8454394,3.6354394,3.8154395,3.9254394,4.1454396,4.4754395,4.815439,5.0054393,5.1554394,5.6554394,5.8854394,5.9454393,5.5954394,5.0954394,4.7654395
-0.66456056,-0.25456056,0.14543945,0.51543945,0.35543945,0.71543944,0.89543945,0.95543945,0.56543946,1.5154395,2.2254395,2.4454393,1.1854395,0.95543945,0.50543946,1.3154395,2.1754394,2.8254395,3.5854394,3.7654395,3.5954394,3.2554395,2.9354393,2.9054394,3.2154396,3.7554395,4.0254393,4.0354395,3.4754395,2.8154395,2.6954393,2.9054394,3.4154394,3.7754395,3.9654396,4.065439,3.9754395,4.0454392,3.7954395,3.3654394,3.4754395,3.3754394,3.3754394,3.0654395,3.8454394,4.0154395,4.4254394,4.3954396,4.7954392,4.8654394,5.0454392,5.6554394,5.9054394,6.4754395,6.3954396,6.065439,5.5054393,5.0554395
-1.6345606,-1.5145606,-1.1145606,-0.42456055,-0.09456055,0.11543945,0.62543947,0.6754395,0.7954395,0.76543945,1.5754395,2.1554394,1.5554395,1.3554394,0.77543944,0.81543946,2.0354395,2.8454394,3.0954394,3.0854394,2.8054395,2.3654394,2.0854394,2.2054396,2.7754395,3.3754394,3.5854394,3.4654396,3.3954394,2.1154394,1.2154394,2.3454394,2.4054394,2.8154395,3.2454395,3.3554394,3.5754395,3.0754395,3.0554395,3.5954394,3.6354394,3.6654394,3.9154394,4.0354395,3.9554396,4.3554397,4.4054394,4.7654395,4.7254395,5.1854396,5.5454392,5.7954392,6.2854395,6.7754393,6.8454394,6.7154393,6.1854396,5.6054397
-3.0945606,-2.4345605,-2.1745605,-1.6745605,-1.1645606,-0.85456055,-0.36456054,-0.18456055,-0.24456054,0.055439454,0.84543943,1.5754395,1.5854394,1.2154394,1.0654395,0.69543946,1.2054394,1.9454395,2.1854393,2.2154396,2.2954395,1.9954394,1.5454395,2.4354393,3.2754395,2.8354394,2.9754395,3.5254395,3.3954394,2.5754395,1.9654394,2.8754394,3.8954394,3.4454393,2.6954393,2.3154395,2.0254395,1.8854394,2.5154395,3.5854394,3.7354395,4.2554393,4.4454393,4.7454395,4.5354395,4.6654396,4.8354397,5.0554395,5.0154395,4.9954395,5.0254393,5.9054394,6.4554396,7.065439,7.4254394,7.4554396,6.8954396,6.0554395
-4.1445603,-3.6545606,-3.2245605,-3.0745606,-2.4645605,-1.7445606,-1.3445605,-1.0745605,-1.0345606,-0.67456055,-0.22456054,0.63543946,1.6654395,1.1554395,0.52543944,0.20543945,0.51543945,0.99543947,1.4554394,1.8754394,2.3754394,2.1654394,2.2454395,2.9254394,3.3154395,3.3854394,2.0554395,2.9954395,3.2854395,3.2254395,2.9554396,3.2254395,4.1354394,4.6154394,4.4554396,3.9454393,3.1754394,2.1354394,2.0654395,3.1854393,3.5454395,3.9354393,4.6454396,5.5954394,5.5554395,5.1954393,5.3654394,5.7054396,5.6254396,5.8654394,5.6754394,6.0254393,6.7454395,7.3654394,7.9954395,8.305439,7.6154394,6.3554397
-5.0845604,-4.5945606,-4.1345606,-3.8745606,-3.6545606,-2.9545605,-2.3345606,-2.1345606,-2.0545607,-1.9445605,-1.1445606,-0.30456054,0.47543946,1.3154395,0.69543946,-0.12456055,0.17543945,0.78543943,0.83543944,1.0054394,1.9854394,2.1154394,2.1654394,2.2054396,1.7954395,2.6354394,2.0854394,2.6154394,2.7454395,3.3054395,3.1754394,3.1254394,3.0954394,3.6054394,4.2654395,4.3854394,4.2054396,4.0054393,3.7654395,3.3454394,4.1554394,4.3754396,4.7154393,4.9654393,5.8754396,6.5454392,6.315439,6.2654395,6.4854393,6.5054393,6.6054397,6.8754396,7.2554393,8.09544,8.805439,9.0354395,8.16544,6.4154396
-6.4045606,-5.4645605,-4.934561,-4.8245606,-4.3745604,-3.7345605,-3.3045607,-2.8445606,-2.7745605,-2.3645606,-2.0345604,-1.0445606,0.015439454,0.6054394,0.35543945,-0.6345605,-0.24456054,0.21543945,0.64543945,1.2054394,0.89543945,0.25543946,0.43543947,0.88543946,1.4354395,2.3454394,2.2654395,2.6154394,2.7354395,2.4154394,2.1254394,1.9454395,2.2854395,3.0154395,4.1754394,4.6854396,4.1954393,4.2854395,4.7154393,4.8354397,4.5954394,5.0454392,4.8454394,5.7454395,5.9554396,6.1754394,6.5954394,6.9254394,6.8654394,7.1054397,7.315439,7.5054393,7.8654394,8.5354395,9.555439,10.04544,7.8054395,4.3354397
-6.9945607,-6.4445605,-5.7245607,-5.4845605,-5.2145605,-4.4545608,-4.1945605,-3.9145606,-3.7145605,-3.2345605,-2.9345605,-1.8245605,-0.80456054,-0.114560544,0.20543945,-1.4845605,-0.98456055,-0.004560547,0.62543947,1.1954395,1.8954395,1.0154395,0.69543946,1.1354394,0.87543947,1.4854394,1.2354394,1.0854394,1.3854394,1.8154395,1.9154395,1.8854394,2.3854394,2.5854394,3.1854393,3.5354395,3.8054395,3.5554395,4.065439,4.565439,4.8954396,4.9354396,5.4354396,5.4154396,5.7654395,6.1354394,6.6354394,7.0254393,7.0354395,7.2154393,7.6154394,7.8354397,8.13544,8.805439,9.935439,10.70544,7.3354397,5.1854396
-7.2545605,-6.684561,-6.1345606,-5.5445604,-5.5145607,-5.434561,-5.0945606,-4.934561,-4.8945603,-4.7645607,-4.0045605,-2.9445605,-2.0645607,-0.92456055,-0.35456055,-2.2145605,-2.3645606,-1.5545605,-0.37456053,0.24543945,0.49543944,0.46543944,0.07543945,-0.38456056,-0.56456053,0.94543946,0.9754394,0.8054395,0.70543945,0.9754394,1.5654395,2.0954394,3.1054394,3.5154395,3.8154395,4.2454395,4.0454392,3.2954395,3.2754395,3.3854394,4.2954392,4.7854395,4.815439,4.9654393,5.2254395,5.8454394,6.3554397,6.8254395,7.1654396,7.2954392,7.3754396,7.6854396,7.9454393,8.515439,9.34544,11.24544,7.565439,5.5954394
-7.2645607,-6.8445606,-6.2645607,-5.6745605,-5.0245605,-5.3045607,-5.8345604,-5.8645606,-5.7645607,-5.7445607,-5.1745605,-4.2245607,-3.4245605,-2.0245605,-0.45456055,-2.9945605,-2.9845605,-2.8545606,-2.0445604,-1.5445606,-0.75456053,-1.0745605,-1.5445606,-1.0545605,-0.33456054,-0.23456055,0.51543945,0.63543946,0.87543947,1.1254394,0.99543947,1.1554395,1.4254395,2.3054395,3.3154395,4.1554394,4.7354393,5.1354394,4.9854393,4.9954395,5.0054393,5.0054393,5.1454396,4.8954396,5.1354394,5.4654393,5.8654394,6.3554397,6.7254395,7.0254393,7.2454395,7.3854394,7.6154394,8.015439,8.58544,10.21544,8.25544,6.4254394
-6.684561,-6.2245607,-6.184561,-5.3645606,-4.9145603,-4.9945607,-6.1245604,-6.4845605,-6.4145603,-6.4845605,-6.2045608,-5.6045604,-4.7345605,-3.6545606,-2.0445604,-2.0445604,-3.1645606,-3.5045605,-2.9245605,-2.4845605,-1.6145606,-1.1345606,-1.8145605,-1.4945606,-1.0145606,-0.62456053,-0.074560545,0.20543945,0.20543945,0.83543944,1.9754394,2.8054395,3.2754395,3.2354395,4.0354395,4.3454394,4.2054396,3.8454394,3.9354393,4.1954393,4.5154395,4.6954393,4.9654393,5.2254395,5.4254394,5.565439,5.7054396,5.9154396,6.0154395,6.2854395,6.6854396,7.0554395,7.3454394,7.5154395,8.0354395,7.9254394,8.185439,6.0454392
-4.2645607,-5.4245605,-5.1145606,-4.1345606,-4.5445604,-4.3645606,-5.4545608,-6.6045604,-6.7745605,-6.8245606,-6.7645607,-6.7645607,-5.8645606,-5.0445604,-4.0945606,-3.4145606,-3.4745605,-4.3645606,-4.0345607,-2.3345606,-1.5545605,-1.3545605,-2.1245606,-1.6345606,-0.62456053,-0.71456057,-0.60456055,-0.38456056,-0.024560547,0.46543944,1.2654395,1.6354394,2.0554395,2.2054396,2.3654394,2.7554395,2.9354393,3.4054394,3.5354395,3.7954395,4.2054396,4.5554395,4.7654395,4.9454393,5.0954394,5.0154395,5.1054397,5.2654395,5.5554395,5.8254395,6.0354395,6.2654395,6.4154396,6.6154394,7.1254396,7.8754396,6.4354396,5.5954394
-6.7845607,-5.0545607,-3.5445604,-2.4645605,-2.1545606,-1.7645606,-2.7545605,-4.9645605,-7.5745606,-7.3245606,-7.3745604,-7.3345604,-6.8245606,-6.2145605,-5.6945605,-5.1645603,-4.5145607,-4.1245604,-5.2045608,-4.2345605,-3.2145605,-1.9645605,-2.3745606,-2.4845605,-2.7545605,-1.8645606,-1.4345605,-1.2145605,-1.1745605,-0.6945605,-0.114560544,0.16543946,0.65543944,1.3554394,2.0054395,2.5754395,2.7554395,2.5454395,3.1254394,3.4854395,3.5754395,3.6754394,3.9554396,4.2054396,4.2254395,4.2254395,4.4054394,4.6754394,4.9754395,5.315439,5.4254394,5.4554396,5.8754396,5.8254395,5.8854394,6.4654393,7.6254396,4.8454394
-7.8245606,-7.5245605,-5.7645607,-4.0945606,-2.3745606,-1.4845605,0.12543945,-1.5245606,-6.8045607,-8.304561,-7.4845605,-6.8645606,-6.9445605,-6.5645604,-6.1745605,-5.8745604,-5.4145603,-5.3645606,-5.3045607,-6.0645604,-5.6745605,-4.2445607,-3.2245605,-3.9845605,-4.5945606,-4.0545607,-2.6845605,-1.9345605,-1.4745605,-0.73456055,0.12543945,0.63543946,0.9754394,1.4854394,1.7954395,1.9554394,2.2854395,2.2854395,2.7254395,3.0854394,3.1054394,2.8854394,2.5354395,2.7554395,3.1854393,3.5954394,3.8254395,3.8354394,4.1854396,4.5054393,4.4954395,4.6554394,4.8654394,5.2054396,5.2554393,5.3654394,5.7354393,5.3254395
-6.1545606,-7.9045606,-6.3445606,-4.4145603,-3.3145607,-2.7145605,-1.5545605,0.18543945,-0.61456054,-5.6245604,-8.014561,-6.8445606,-6.5445604,-6.3745604,-6.5145607,-6.4945607,-6.2545605,-6.4145603,-5.7745605,-4.9545608,-5.3345604,-5.3445606,-4.7145605,-2.7245605,-4.6745605,-4.5145607,-3.6045606,-2.5545607,-1.6645606,-0.8945606,0.22543946,1.0954394,1.7554394,2.5354395,2.7354395,2.9254394,2.9754395,2.6854393,2.6054394,2.4454393,2.9354393,2.9154394,2.9254394,2.5354395,2.5154395,2.9354393,3.3254395,3.7354395,3.9554396,3.7554395,3.7054396,3.8954394,4.0154395,4.065439,3.7954395,3.5454395,3.6954393,4.2054396
-5.7345605,-7.0245605,-6.4545608,-4.8545604,-3.9445605,-3.3245606,-3.0145605,-2.1645606,-1.7245605,-0.5745605,-3.3945606,-6.7045608,-7.0945606,-6.4445605,-6.8645606,-7.3945603,-7.3945603,-7.0745606,-6.0945606,-5.5945606,-6.0045605,-5.4545608,-4.5145607,-3.5745606,-4.6345606,-4.1545606,-3.4845605,-2.9545605,-2.4245605,-1.2645606,0.055439454,0.78543943,1.5254395,2.3354394,3.0854394,3.2254395,3.8154395,3.6754394,3.9954395,3.8354394,3.4954395,3.6954393,4.2554393,4.8954396,5.2554393,5.3454394,5.1854396,5.4454393,5.8054395,5.815439,5.6854396,5.3054395,4.3054395,3.5254395,2.9454393,2.7154396,2.5254395,1.7554394
-6.2945604,-6.3845606,-5.4245605,-3.7245605,-4.6545606,-4.5845604,-3.7445605,-3.1645606,-1.8245605,-1.8245605,0.015439454,-1.0445606,-4.184561,-5.5545607,-6.5245605,-6.8145604,-7.8245606,-7.8845606,-7.1345606,-6.6045604,-6.6545606,-6.1945605,-5.6145606,-4.8245606,-5.2145605,-4.684561,-3.8745606,-2.9145606,-1.8445605,-1.0645605,-0.54456055,0.40543947,1.3754394,2.0854394,2.6154394,2.9154394,3.4254394,3.6954393,4.1654396,4.315439,4.4854393,4.3554397,4.8754396,5.1954393,5.4254394,5.3554397,5.6254396,5.7254395,5.7354393,5.9754395,6.1154394,6.0154395,6.0054393,6.1254396,5.9954395,5.3254395,3.7454395,1.3554394
-6.0245605,-5.5545607,-5.3145604,-4.1745605,-3.2945604,-3.8345606,-3.9645605,-2.9545605,-2.0345604,-1.1845605,-0.93456054,0.13543946,0.19543946,-2.2045605,-4.5745606,-6.3545604,-7.8545604,-8.344561,-8.53456,-8.054561,-7.8845606,-7.3745604,-6.6045604,-5.5745606,-5.3645606,-4.9445605,-3.5745606,-2.6045606,-1.9645605,-1.3845606,-0.43456054,0.24543945,0.56543946,1.1654395,0.9754394,1.1254394,2.2654395,3.2054396,3.6554394,3.9654396,4.2954392,4.4354396,4.7554393,4.6154394,4.7554393,4.9554396,4.9554396,4.9554396,5.1254396,5.1554394,5.1854396,5.2554393,5.3954396,5.4654393,5.3354397,4.8654394,4.3854394,3.2754395
-7.2445607,-6.1745605,-5.0945606,-3.7545605,-3.6045606,-3.3345606,-3.1545606,-2.6245606,-2.2145605,-1.9345605,-1.6645606,-1.4245605,-0.91456056,-0.46456054,-0.8245605,-3.8545606,-6.5045605,-8.394561,-9.08456,-9.174561,-8.774561,-7.9845605,-7.5445604,-6.4445605,-5.5145607,-4.7445607,-3.7145605,-2.8645606,-1.9545605,-1.0745605,-0.40456054,0.23543945,0.015439454,-0.47456056,-1.6345606,-0.53456056,1.2654395,2.4554396,3.2754395,3.5654395,4.065439,4.1354394,4.1454396,4.1854396,4.2654395,4.4754395,4.7254395,4.5954394,4.5754395,4.6954393,4.7654395,4.7154393,4.6154394,4.4854393,4.5154395,4.3854394,3.9654396,3.3254395
-7.5445604,-6.6945605,-5.3245606,-4.2645607,-4.2845607,-3.9545605,-3.7145605,-3.3045607,-3.0745606,-2.5945606,-1.7845606,-1.2645606,-1.1945605,-1.6745605,-1.3245605,-1.0845605,-3.8045607,-7.2045608,-9.16456,-9.66456,-9.354561,-8.41456,-8.174561,-7.3945603,-6.1245604,-4.8845606,-3.7345605,-2.7745605,-2.1745605,-1.3745606,-0.43456054,0.045439452,0.09543946,-2.3445606,-2.4145606,-0.47456056,1.1654395,2.2454395,3.1154394,3.5854394,3.6054394,4.0154395,4.2654395,4.4354396,4.6254396,4.6654396,4.7254395,4.5954394,4.5554395,4.5054393,4.2554393,4.0454392,3.8854394,3.9154394,3.7654395,3.3254395,2.7454395,1.4754394
-7.5045605,-6.1945605,-4.5645604,-3.3245606,-2.6845605,-2.3045607,-1.6645606,-1.2545606,-1.4045606,-1.4845605,-1.7045605,-1.8845606,-1.5945605,-1.3545605,-1.8645606,-1.8245605,-2.1345606,-4.9845605,-8.61456,-10.194561,-10.134561,-9.264561,-9.15456,-8.344561,-6.8345604,-5.434561,-4.2145605,-3.2545605,-2.4345605,-1.4145606,-0.61456054,-0.41456056,-1.0445606,-4.2445607,-2.4245605,-0.15456055,1.2354394,2.0654395,2.7754395,3.4354393,3.7154396,4.0154395,4.4054394,4.5554395,4.6354394,4.6954393,4.9454393,4.9354396,4.7154393,4.4754395,4.1754394,3.8354394,3.8454394,3.9054394,3.7954395,3.3854394,2.5654395,1.2754395
-7.7645607,-6.6645603,-5.2845607,-4.3045607,-3.3945606,-2.7545605,-2.2145605,-1.7545606,-1.3845606,-1.3345605,-1.7845606,-2.4445605,-2.6145606,-2.5045605,-2.2945604,-2.4545605,-2.6045606,-3.3145607,-5.7645607,-9.9645605,-10.804561,-10.28456,-9.884561,-9.11456,-7.7145605,-6.1045604,-4.7245607,-3.5045605,-2.3445606,-1.6245606,-0.90456057,-1.3545605,-4.934561,-3.6945605,-1.7845606,0.22543946,1.3454394,2.1754394,2.9354393,3.4154394,3.7954395,4.2154393,4.2254395,4.5954394,4.8954396,4.815439,4.6654396,4.5254393,4.6354394,4.7454395,4.6854396,4.6254396,4.3854394,3.9954395,3.5354395,3.0454395,2.4554396,1.6554395
-7.3745604,-6.3545604,-5.0945606,-4.2445607,-3.7945604,-3.2845604,-2.6645606,-2.0745606,-1.6345606,-1.4745605,-1.5545605,-1.8045605,-2.4745605,-3.6745605,-4.3445606,-4.2445607,-4.184561,-3.8845606,-4.6445603,-7.0945606,-10.74456,-11.03456,-10.424561,-9.65456,-8.49456,-6.934561,-5.5045605,-3.9945605,-3.0245605,-2.1245606,-2.2545605,-5.434561,-4.4645605,-2.9245605,-0.80456054,0.8654395,1.8154395,2.7654395,3.1554394,3.6254394,3.9054394,3.9854395,4.6554394,4.7454395,4.4954395,4.5254393,4.7354393,5.0254393,5.3354397,5.7654395,5.8854394,5.6554394,5.2154393,4.6754394,4.0154395,2.8754394,1.8654394,1.1054394
-6.2345605,-5.3545604,-4.5145607,-3.7345605,-3.3245606,-2.8445606,-2.3645606,-1.9345605,-1.6345606,-1.7045605,-2.0945606,-2.5745606,-3.2145605,-3.5545607,-4.0045605,-5.5245605,-6.0245605,-5.8745604,-5.2445607,-6.0045605,-8.924561,-11.12456,-11.174561,-10.15456,-9.024561,-7.6345606,-6.1445603,-4.8945603,-3.8845606,-3.5945606,-5.9445605,-5.0345607,-3.3145607,-1.4445605,0.105439454,1.3354394,2.4954395,3.3554394,3.8454394,4.3954396,4.1954393,4.1154394,4.5754395,4.7954392,4.8054395,5.0054393,5.4754395,5.8754396,5.5854397,5.7054396,6.0054393,5.9454393,5.315439,5.0154395,4.7754393,3.9954395,3.0754395,2.0854394
-5.3945603,-4.4845605,-3.9045606,-3.2945604,-2.5945606,-1.8845606,-0.87456053,0.055439454,0.37543947,0.32543945,-0.06456055,-0.8245605,-1.6445606,-3.3045607,-5.4745607,-5.8845606,-7.0245605,-7.1445603,-6.9845605,-6.3545604,-7.3045607,-10.15456,-10.894561,-10.65456,-9.564561,-8.07456,-6.8445606,-5.9545608,-5.4845605,-6.0545607,-5.2645607,-3.5445604,-1.8945606,-0.48456055,0.78543943,2.1954393,3.5554395,4.1054397,4.5454392,4.6954393,4.1454396,4.1454396,4.6054397,4.8554397,5.3654394,5.5354395,5.8454394,6.2254395,5.7854395,5.8254395,5.4654393,6.0754395,6.4754395,6.7154393,6.7854395,5.8754396,4.9954395,3.6654394
