public/data/weather/current/current-wind-surface-level-gfs-1.0.json
{"header": { "discipline":0, "disciplineName":"Meteorological products", "gribEdition":2, "gribLength":74640, "center":7, "centerName":"US National Weather Service - NCEP(WMC)", "subcenter":0, "refTime":"2018-10-21T06:00:00.000Z", "significanceOfRT":1, "significanceOfRTName":"Start of forecast", "productStatus":0, "productStatusName":"Operational products", "productType":1, "productTypeName":"Forecast products", "productDefinitionTemplate":0, "productDefinitionTemplateName":"Analysis/forecast at horizontal level/layer at a point in time", "parameterCategory":2, "parameterCategoryName":"Momentum", "parameterNumber":3, "parameterNumberName":"V-component_of_wind", "parameterUnit":"m.s-1", "genProcessType":2, "genProcessTypeName":"Forecast", "forecastTime":0, "surface1Type":103, "surface1TypeName":"Specified height level above ground", "surface1Value":10.0, "surface2Type":255, "surface2TypeName":"Missing", "surface2Value":0.0, "gridDefinitionTemplate":0, "gridDefinitionTemplateName":"Latitude_Longitude", "numberPoints":65160, "shape":6, "shapeName":"Earth spherical with radius of 6,371,229.0 m", "gridUnits":"degrees", "resolution":48, "winds":"true", "scanMode":0, "nx":360, "ny":181, "basicAngle":0, "lo1":0.0, "la1":90.0, "lo2":359.0, "la2":-90.0, "dx":1.0, "dy":1.0 }, "data":
[rows 26 to 51 of 181, columns 290 to 347 of 360]
2.4454393,-0.09456055,-1.1245606,-0.37456053,-1.0545605,-0.17456055,-1.4745605,-1.6445606,-1.0045606,0.07543945,0.69543946,0.62543947,1.6554395,0.90543944,-0.47456056,-0.38456056,1.2254394,5.1954393,2.3754394,0.37543947,1.9654394,4.2554393,1.9954394,0.9254395,-1.4445605,-2.6445606,-5.2945604,-8.50456,-11.174561,-8.934561,-9.054561,-7.2545605,-2.6245606,1.6754395,3.8754394,4.0954394,3.4754395,2.8854394,2.6554394,2.3554394,2.0354395,2.3654394,3.1054394,4.0154395,5.3854394,6.5454392,6.3454394,5.7754393,4.1954393,4.5254393,5.5254393,4.9154396,3.0554395,3.1854393,7.1954393,8.71544,8.615439,8.015439
-1.3245605,-0.6445606,-1.5545605,-0.7645605,-2.7845604,-3.3445606,-3.3545606,-1.0445606,0.32543945,0.30543944,0.055439454,0.37543947,0.90543944,1.3554394,0.15543945,-1.7345605,-2.3045607,1.5554395,2.5354395,-0.59456056,-0.54456055,0.42543945,-1.4345605,-3.3145607,-4.8745604,-7.9045606,-12.264561,-6.9445605,1.7354394,2.4254394,1.8654394,-6.0845604,-5.2045608,-1.9745605,0.035439454,2.6954393,4.2354393,3.4254394,2.5954394,2.1754394,2.4954395,3.3854394,4.0754395,4.3554397,4.4454393,4.7454395,5.2154393,6.2254395,7.2454395,7.0354395,6.6854396,6.5354395,6.7454395,6.6054397,6.5454392,6.3954396,6.1154394,5.6754394
-0.5745605,4.7154393,3.1454394,-2.1745605,-2.5645607,-2.3445606,-2.2845604,-2.4345605,-2.6045606,-3.1545606,-3.6245606,-2.0245605,-0.044560548,0.51543945,-0.27456054,-1.3045605,-2.1145606,-2.4645605,-1.1745605,1.7554394,0.58543944,-0.93456054,-1.5145606,-4.434561,-5.5445604,-4.5845604,-1.1445606,-9.12456,-6.8945603,-2.4145606,1.4054395,-0.38456056,-1.4745605,-0.66456056,1.8554394,3.8354394,4.0454392,3.6854393,3.3154395,3.3454394,3.8454394,4.4854393,5.0254393,5.2154393,5.1854396,5.3954396,5.9754395,6.7554393,7.2954392,7.815439,7.2554393,6.8554397,6.7854395,6.4454393,6.0954394,5.3954396,4.3854394,3.7954395
-0.66456056,-1.3645606,-1.6645606,-2.7445605,-3.4445605,-4.684561,-5.7145605,-6.5745606,-7.4045606,-3.2345605,1.0954394,1.9654394,2.2654395,2.2954395,2.1554394,1.5354395,0.40543947,-0.56456053,-1.1145606,-2.1645606,-2.6845605,-1.8245605,-2.1945605,-6.5845604,-1.2945606,-1.7745606,-8.184561,1.7354394,6.6054397,5.0354395,2.8954394,2.9354393,3.1254394,3.5354395,4.2454395,4.8454394,5.1354394,5.2054396,5.1454396,5.0554395,5.1754394,5.3054395,5.3754396,5.2954392,5.5854397,5.9454393,6.0154395,6.815439,7.4754395,6.5154395,6.1554394,5.8054395,5.5554395,5.065439,4.5254393,3.9554396,3.3754394,3.0454395
-4.1945605,-5.8245606,-6.0945606,-5.5645604,-5.0745606,-3.9645605,-6.6045604,-5.1445603,-0.9545605,-1.7445606,-1.7345605,-1.7045605,-1.5945605,-0.6345605,0.35543945,0.7354395,0.8654395,0.84543943,0.6754395,0.105439454,-0.80456054,-1.6745605,-2.6945605,-3.8145607,-4.7245607,-4.7345605,0.64543945,2.5054395,3.2354395,4.9254394,5.5154395,5.315439,5.3054395,5.5054393,5.3754396,5.0954394,4.8554397,4.6254396,4.4654393,4.4254394,4.5854397,4.6854396,4.8254395,4.9254394,4.9754395,4.8054395,5.1354394,5.7054396,5.3454394,4.7054396,4.5454392,4.6754394,5.1554394,5.2954392,4.9554396,4.3054395,3.1154394,2.0254395
-6.2745605,-8.354561,-8.024561,-6.1745605,-3.4245605,-1.0245606,-2.8045607,-5.6345606,-6.5445604,-7.7345605,-7.2145605,-2.2845604,0.51543945,1.6454395,2.4454393,3.2254395,3.8354394,4.1854396,4.2054396,3.8954394,3.2254395,2.2754395,1.0654395,0.11543945,-1.0945605,-1.4945606,-0.99456054,-0.35456055,0.15543945,1.2754395,2.3854394,3.5054395,4.1554394,4.3054395,4.4154396,4.6154394,4.7154393,4.5454392,4.2954392,4.065439,4.0754395,4.0454392,3.9654396,4.0554395,3.9654396,3.8554394,3.8354394,3.5454395,2.7554395,2.8054395,3.4654396,4.6954393,5.5354395,5.2954392,4.5054393,3.7354395,2.5754395,1.4254395
-6.7745605,-6.3445606,-4.684561,-5.7745605,-4.9845605,-5.1945605,-4.2945604,-7.9445605,-11.394561,-8.354561,-3.4545605,-3.1145606,-2.2145605,-1.2945606,-0.18456055,0.70543945,1.6654395,2.6454394,3.5654395,4.3254395,4.8454394,5.2854395,5.5254393,5.3754396,4.8354397,4.2554393,3.9854395,3.8354394,3.8854394,4.1754394,4.5254393,4.9054394,5.1754394,5.2854395,5.315439,5.1654396,4.9954395,4.8554397,4.8954396,4.7854395,4.5154395,4.3754396,4.0354395,3.5154395,3.1554394,2.5454395,2.0954394,1.8754394,1.8154395,2.4454393,3.9954395,5.1254396,5.1754394,4.4754395,2.8854394,1.3954395,0.43543947,-0.37456053
-7.9045606,-8.014561,-8.00456,-5.9445605,-5.0745606,-4.3845606,-7.1945605,-8.28456,-7.2045608,-9.29456,-8.28456,-6.1445603,-3.4945605,-0.33456054,2.2854395,4.7754393,6.7054396,7.4054394,7.6954393,8.25544,8.50544,8.42544,8.225439,7.7854395,7.2554393,6.7554393,6.0954394,5.7154393,5.8354397,6.2754393,6.7554393,7.1154394,6.9154396,6.6354394,6.2754393,5.8454394,5.3354397,4.6554394,3.8854394,3.2354395,2.8154395,2.3654394,1.7654395,1.2654395,0.89543945,0.52543944,0.42543945,0.82543945,1.5354395,2.7854395,3.7754395,3.9454393,2.7954395,1.4754394,0.59543943,-0.30456054,-1.2145605,-1.9845605
-8.314561,-6.7845607,-5.8945603,-4.4545608,-2.9745605,-3.7145605,-5.2345605,-4.9845605,-5.8645606,-7.0045605,-3.1245606,0.17543945,2.5654395,6.2154393,10.46544,11.315439,10.96544,10.99544,12.50544,13.50544,14.09544,14.0354395,12.975439,11.84544,10.985439,9.815439,9.055439,8.355439,7.8354397,7.7554393,8.2854395,8.71544,8.575439,7.9354396,7.2354393,6.7154393,6.1854396,5.4654393,4.6554394,3.7754395,2.9154394,2.2654395,1.7754395,1.2354394,0.81543946,0.38543946,0.36543944,1.2554394,2.1554394,2.3754394,1.5854394,0.8054395,0.15543945,-0.75456053,-1.6545606,-2.2445605,-2.7145605,-2.9945605
-9.24456,-8.36456,-5.9845605,-4.2445607,-3.4545605,-3.1745605,-2.5245605,-4.4045606,-3.3645606,-2.6745605,0.015439454,2.9054394,5.1154394,8.09544,10.92544,12.475439,12.92544,15.50544,16.94544,17.215439,17.23544,15.87544,15.015439,14.67544,13.775439,12.12544,10.605439,9.325439,8.5354395,8.24544,8.355439,8.83544,9.065439,8.74544,7.7754393,6.7954392,5.9454393,5.065439,4.0754395,2.9854395,1.8854394,0.71543944,-0.24456054,-0.71456057,-0.6345605,0.07543945,0.93543947,1.1654395,0.65543944,0.055439454,-0.61456054,-1.3945606,-2.2445605,-3.0245605,-3.6345606,-3.9645605,-3.8745606,-3.4445605
-8.934561,-7.4145603,-4.7645607,-4.3745604,-3.4345605,-1.2045605,1.5654395,1.7354394,3.7154396,4.1554394,2.8054395,2.6754394,2.9654396,7.0254393,9.95544,14.645439,14.70544,16.73544,17.92544,18.14544,17.965439,17.715439,17.67544,16.73544,15.66544,14.08544,12.315439,10.655439,9.265439,7.9854393,7.4054394,8.325439,9.41544,9.185439,8.2854395,6.8654394,5.4954395,4.3354397,3.3754394,2.4954395,1.7254394,1.0854394,0.65543944,0.11543945,-0.38456056,-0.84456056,-1.3545605,-1.7445606,-2.0545607,-2.4345605,-2.9145606,-3.4845605,-4.0245605,-4.6145606,-4.9845605,-4.9545608,-4.4545608,-3.8345606
-7.3145604,-6.184561,0.40543947,3.2354395,4.6854396,5.8854394,5.4254394,4.4354396,4.7354393,4.4954395,4.7554393,3.1954393,2.9954395,2.7954395,5.7454395,14.33544,16.77544,17.60544,18.035439,18.06544,18.375439,18.885439,18.125439,17.06544,15.615439,14.075439,12.305439,10.84544,9.74544,8.95544,9.2854395,9.435439,8.825439,7.9254394,7.3354397,6.3254395,5.1754394,4.2854395,3.4154394,2.5254395,1.8254395,1.2354394,0.5554395,-0.50456053,-1.6345606,-2.4645605,-2.8945606,-3.0545607,-3.4045606,-4.0645604,-4.6345606,-5.0745606,-5.5545607,-6.0445604,-6.3445606,-6.0045605,-5.3845606,-4.684561
-3.3045607,0.70543945,4.1654396,3.1954393,5.1754394,5.2954392,5.8454394,5.3654394,4.2554393,4.4054394,3.2854395,2.1554394,2.5554395,4.7854395,7.9254394,14.58544,16.795439,19.48544,19.50544,19.74544,19.36544,18.57544,17.56544,16.73544,15.59544,14.065439,12.725439,11.525439,11.315439,10.105439,8.935439,8.08544,7.4654393,6.6154394,5.3754396,4.3954396,4.4454393,4.3454394,3.3854394,2.2354395,1.4754394,0.6154395,-0.54456055,-1.8945606,-2.9945605,-3.8145607,-4.4145603,-4.9445605,-5.3545604,-5.6045604,-5.8345604,-6.0745606,-6.3945603,-6.8845606,-7.2345605,-6.9845605,-6.4745607,-7.3145604
-0.68456054,0.7354395,2.6554394,3.1354394,4.6954393,4.7254395,5.0754395,4.1854396,3.2654395,3.2554395,2.1254394,3.2554395,5.3554397,5.3454394,5.7754393,11.34544,16.055439,20.16544,19.77544,17.72544,16.64544,16.885439,16.49544,15.70544,14.49544,13.5354395,13.04544,11.99544,10.96544,10.2854395,9.655439,8.575439,6.7954392,5.8054395,4.8254395,4.1154394,3.5254395,3.3354394,2.7354395,2.4754395,1.3154395,-0.65456057,-2.3645606,-3.6645606,-4.5345607,-5.4445605,-6.2645607,-6.684561,-6.8445606,-6.7645607,-6.5745606,-6.5945606,-6.8745604,-7.6745605,-7.8545604,-8.36456,-9.12456,-10.32456
-0.054560546,0.48543945,1.3354394,3.0354395,7.4454393,6.7154393,4.8854394,4.7854395,5.5054393,4.9854393,5.5354395,5.1354394,5.6254396,1.0154395,6.0554395,11.615439,14.405439,16.51544,16.16544,15.355439,14.815439,14.765439,14.54544,14.21544,14.305439,13.58544,12.5354395,11.225439,10.33544,9.5354395,8.5354395,7.7154393,6.8354397,5.0954394,3.5354395,2.7354395,2.3654394,1.9454395,1.5754395,1.2154394,-0.36456054,-2.3345606,-4.0045605,-5.434561,-6.5945606,-7.1945605,-7.6145606,-7.9045606,-7.7445607,-7.4245605,-7.3245606,-7.4745607,-8.024561,-8.15456,-9.444561,-10.36456,-11.04456,-2.5145605
-0.5745605,0.68543947,5.3754396,4.9954395,3.0554395,2.2354395,2.8354394,3.7554395,2.8054395,3.3954394,4.6954393,5.2154393,-1.7145605,9.555439,8.2854395,7.6254396,6.7854395,12.46544,15.185439,13.525439,13.815439,13.195439,12.66544,12.7854395,12.37544,11.17544,11.04544,9.87544,8.975439,8.25544,8.305439,7.2754393,6.1054397,5.3554397,4.3554397,3.1654394,1.9254395,0.78543943,-0.32456055,-1.1145606,-2.0145605,-3.6345606,-5.0245605,-6.1445603,-7.3345604,-8.234561,-8.384561,-8.25456,-8.234561,-8.62456,-8.814561,-8.9645605,-9.12456,-10.394561,-11.224561,-9.15456,-2.1645606,0.19543946
0.025439452,1.3154395,0.96543944,1.2054394,0.43543947,0.9254395,2.4154394,2.5354395,0.59543943,2.2954395,4.8054395,0.84543943,17.215439,13.065439,11.67544,12.33544,9.62544,9.145439,13.54544,13.605439,12.905439,12.59544,12.065439,11.305439,9.985439,7.9154396,7.8454394,8.075439,8.265439,8.45544,7.8754396,6.9354396,5.7954392,4.9254394,3.9654396,2.8754394,1.2954395,-0.5745605,-2.0145605,-3.1445606,-4.0945606,-5.1445603,-6.5445604,-7.5145607,-7.8945603,-8.07456,-8.184561,-8.75456,-9.554561,-9.974561,-10.15456,-10.62456,-11.45456,-11.28456,-6.0345607,-3.6345606,-1.8745606,-2.8545606
1.2054394,0.31543946,1.0654395,0.17543945,0.025439452,0.83543944,0.0054394533,-1.0545605,-0.024560547,4.4654393,-3.0245605,17.465439,16.26544,15.62544,15.445439,12.12544,9.58544,8.685439,12.985439,13.225439,12.815439,12.46544,11.70544,10.29544,9.25544,6.5554395,6.9654393,6.7254395,8.195439,7.9954395,7.0054393,6.065439,4.8054395,3.8454394,2.8754394,1.4954394,-0.28456056,-1.8145605,-3.1445606,-4.4645605,-5.6545606,-6.3545604,-6.934561,-7.5145607,-7.8545604,-8.25456,-8.9645605,-9.674561,-10.524561,-10.854561,-11.74456,-12.054561,-10.04456,-5.2145605,-4.7645607,-3.6945605,-4.3645606,-4.0245605
-1.1445606,-0.26456055,-0.78456056,-0.7745606,-0.27456054,0.49543944,-0.37456053,-0.66456056,1.5954394,-1.8945606,10.38544,17.285439,14.45544,14.075439,13.265439,12.445439,10.765439,12.695439,12.91544,12.305439,11.84544,11.275439,10.025439,8.265439,7.1654396,9.075439,9.20544,8.45544,7.4254394,6.7254395,5.7454395,5.0154395,4.2354393,3.2754395,2.1154394,0.42543945,-1.4445605,-2.8345606,-3.9345605,-4.9845605,-5.9245605,-6.8445606,-7.3945603,-7.7845607,-8.32456,-8.814561,-9.594561,-10.32456,-11.07456,-11.99456,-11.944561,-7.9545608,-5.6345606,-5.5045605,-5.3845606,-5.9245605,-5.8945603,-5.5245605
-1.5945605,-1.7345605,-1.7045605,-4.0945606,-5.2345605,-0.97456056,0.63543946,0.27543944,-0.13456054,9.91544,16.36544,14.17544,12.065439,12.685439,12.405439,11.92544,11.105439,11.435439,12.695439,11.34544,10.075439,8.45544,7.5554395,9.16544,7.2954392,8.515439,8.605439,8.025439,7.7354393,6.4254394,5.3454394,4.7354393,3.6354394,1.6154394,0.45543945,-0.91456056,-2.3145607,-3.1245606,-3.9045606,-4.9945607,-6.1545606,-6.8545604,-7.5545607,-8.264561,-8.944561,-9.61456,-10.094561,-11.07456,-11.54456,-9.604561,-6.7745605,-6.9445605,-6.8245606,-7.3545604,-7.6445603,-7.5945606,-7.3745604,-6.3945603
-2.9745605,-5.4445605,-6.0545607,-4.2745605,0.5454395,0.41543946,-1.6445606,0.41543946,-1.6945605,17.00544,13.615439,12.87544,12.615439,13.2854395,13.17544,11.63544,9.975439,9.985439,12.615439,10.96544,8.54544,7.0054393,7.1554394,5.3354397,6.8754396,9.065439,8.605439,7.5254393,6.315439,5.1354394,4.0754395,3.2254395,1.7354394,1.0254395,-0.43456054,-1.9145606,-2.9545605,-3.7345605,-4.8645606,-5.7645607,-6.7745605,-7.7545605,-8.484561,-8.944561,-9.354561,-9.984561,-10.49456,-10.07456,-6.434561,-6.7445607,-8.094561,-8.314561,-8.58456,-8.764561,-8.844561,-8.70456,-7.6445603,-7.1945605
-4.7145605,-2.2845604,0.39543945,2.7854395,0.84543943,-0.78456056,0.49543944,-1.4345605,8.63544,16.86544,16.66544,14.12544,13.405439,13.515439,12.685439,12.12544,11.96544,11.62544,11.62544,9.71544,8.765439,6.6954393,5.315439,7.5454392,8.21544,7.8554397,6.7354393,5.0854397,4.6154394,3.9954395,2.8654394,1.5954394,0.65543944,-0.6945605,-2.0645607,-3.0445604,-3.8445606,-4.7845607,-5.8545604,-6.9245605,-7.7745605,-8.41456,-8.814561,-9.20456,-9.184561,-8.484561,-7.4545608,-6.5445604,-7.6245604,-8.604561,-8.774561,-9.024561,-9.16456,-9.57456,-9.66456,-8.74456,-8.04456,-7.4545608
-1.2345605,-1.6345606,0.58543944,1.7754395,0.63543946,-0.16456054,-1.5145606,1.0254395,16.02544,17.59544,18.26544,14.20544,16.01544,16.135439,14.2854395,14.105439,13.565439,12.725439,13.155439,8.95544,8.395439,7.8854394,8.275439,7.565439,6.1954393,5.2154393,5.0054393,5.2854395,4.9854393,3.6854393,2.1754394,0.57543945,-0.79456055,-1.8745606,-2.9045606,-3.8345606,-4.5545607,-5.4945607,-6.4845605,-7.3245606,-8.064561,-8.304561,-8.49456,-8.274561,-7.0245605,-6.6645603,-7.5845604,-8.66456,-9.314561,-9.604561,-9.304561,-9.474561,-10.024561,-10.07456,-9.41456,-8.79456,-8.734561,-7.7445607
-0.34456053,0.63543946,1.2754395,0.035439454,-0.65456057,-2.5045605,-2.9545605,20.23544,18.33544,19.65544,18.00544,17.375439,15.99544,15.485439,14.725439,13.50544,12.685439,11.71544,13.075439,12.325439,9.695439,6.4954395,5.7754393,5.9854393,4.6654396,4.5854397,4.7154393,4.7854395,3.9554396,2.5254395,0.89543945,-0.7745606,-2.2145605,-3.4945605,-4.2845607,-5.3645606,-5.934561,-5.6345606,-6.3245606,-6.934561,-6.1945605,-6.0445604,-5.8445606,-6.4445605,-7.3545604,-8.224561,-9.2145605,-9.854561,-9.61456,-9.384561,-9.54456,-9.86456,-9.9645605,-9.514561,-8.83456,-8.484561,-8.144561,-6.8845606
-0.98456055,-1.3545605,-1.4345605,-2.0845606,-3.0745606,-0.9545605,21.60544,21.215439,18.795439,17.715439,16.92544,16.65544,15.775439,14.70544,13.2854395,12.195439,10.935439,10.355439,11.405439,10.655439,8.805439,6.8854394,4.8954396,4.2654395,3.8854394,3.6254394,3.8054395,4.0854397,2.3554394,1.0554395,-0.67456055,-2.3245606,-4.0545607,-5.684561,-5.8945603,-4.1745605,0.68543947,0.83543944,-1.8745606,-3.5445604,-5.1545606,-6.1345606,-6.9745607,-7.8045607,-8.844561,-9.49456,-10.194561,-9.49456,-9.194561,-9.134561,-9.554561,-9.734561,-9.594561,-8.66456,-7.9745607,-7.7545605,-7.4145603,-6.8445606
-3.4245605,-3.5445604,-4.2645607,-3.4345605,-2.0545607,1.1554395,19.26544,16.75544,16.795439,16.32544,16.09544,15.695439,14.00544,13.25544,12.275439,10.815439,9.91544,10.445439,10.13544,8.42544,6.5954394,5.7754393,5.4154396,4.3054395,3.7454395,3.2454395,3.1254394,3.0454395,2.3054395,0.8654395,-0.86456054,-2.7045605,-3.8245606,-4.0245605,-1.9945606,2.3754394,0.27543944,-1.4545605,-3.2245605,-4.6345606,-5.6045604,-6.5945606,-7.5145607,-8.844561,-9.434561,-10.424561,-9.064561,-8.78456,-8.9645605,-9.40456,-9.83456,-9.804561,-8.844561,-7.6945605,-6.684561,-5.4545608,-4.9045606,-4.3045607
